seed= 999
cool_rate[s/K]= 60
y= 2.5
n= 2
scale= 1e+09
conc= 2e-32
salt= -0.944
0	100	157	0
1.14344	100	157	1
1.14344	100	83	0
1.14715	100	83	1
1.14715	100	127	0
1.28005	100	127	1
1.28005	100	125	0
1.41098	100	125	1
1.41098	100	14	0
1.49473	100	14	1
1.49473	100	103	0
1.55998	100	103	1
1.55998	100	94	0
1.69784	100	94	1
1.69784	100	121	0
1.7172	100	121	1
1.7172	100	62	0
2.29211	100	62	1
2.29211	100	120	0
2.53112	100	120	1
2.53112	100	137	0
2.57129	100	137	1
2.57129	100	12	0
2.60651	100	12	1
2.60651	100	97	0
2.89452	100	97	1
2.89452	100	93	0
3.65427	100	93	1
3.65428	100	95	0
3.92682	100	95	1
3.92682	100	125	0
4.14734	100	125	1
4.14734	100	23	0
4.4843	100	23	1
4.4843	100	43	0
4.81314	100	43	1
4.81314	100	72	0
5.0626	100	72	1
5.0626	100	65	0
5.10456	100	65	1
5.10456	100	135	0
5.26461	100	135	1
5.26461	100	162	0
5.40443	100	162	1
5.40443	100	126	0
5.49011	100	126	1
5.49011	100	74	0
5.57476	100	74	1
5.57476	100	138	0
5.58332	100	138	1
5.58332	100	20	0
5.59452	100	20	1
5.59452	100	93	0
6.30222	100	93	1
6.30222	100	5	0
7.148	100	5	1
7.148	100	151	0
7.15563	100	151	1
7.15563	100	50	0
7.16568	100	50	1
7.16568	100	79	0
7.51639	100	79	1
7.51639	100	15	0
7.52058	100	15	1
7.52058	100	121	0
7.55106	100	121	1
7.55106	100	67	0
7.69066	100	67	1
7.69066	100	102	0
7.91113	100	102	1
7.91113	100	66	0
8.12597	100	66	1
8.12597	100	49	0
8.31716	100	49	1
8.31716	100	110	0
8.70437	100	110	1
8.70437	100	98	0
8.81849	100	98	1
8.81849	100	19	0
8.82124	100	19	1
8.82124	100	25	0
9.01306	100	25	1
9.01306	100	137	0
9.04071	100	137	1
9.04071	100	93	0
9.12102	100	93	1
9.12102	100	43	0
9.71076	100	43	1
9.71076	100	107	0
10.0079	100	107	1
10.0079	100	146	0
10.1772	100	146	1
10.1772	100	110	0
10.3044	100	110	1
10.3044	100	160	0
10.3831	100	160	1
10.3831	100	135	0
10.5573	100	135	1
10.5573	100	99	0
10.5624	100	99	1
10.5624	100	70	0
11.2069	100	70	1
11.2069	100	11	0
11.3292	100	11	1
11.3292	100	123	0
11.5392	100	123	1
11.5392	100	135	0
11.5503	100	135	1
11.5503	100	141	0
11.9758	100	141	1
11.9758	100	14	0
12.3422	100	14	1
12.3422	100	40	0
12.3757	100	40	1
12.3757	100	51	0
12.8217	100	51	1
12.8217	100	112	0
12.8785	100	112	1
12.8785	100	122	0
12.8802	100	122	1
12.8802	100	78	0
13.1391	100	78	1
13.1391	100	10	0
13.3687	100	10	1
13.3687	100	51	0
13.7326	100	51	1
13.7326	100	22	0
13.7829	100	22	1
13.7829	100	37	0
14.0704	100	37	1
14.0704	100	163	0
14.2483	100	163	1
14.2483	100	114	0
14.374	100	114	1
14.374	100	13	0
14.421	100	13	1
14.421	100	53	0
14.6525	100	53	1
14.6525	100	107	0
14.7915	100	107	1
14.7915	100	51	0
15.0172	100	51	1
15.0172	100	58	0
15.2524	100	58	1
15.2524	100	43	0
15.2907	100	43	1
15.2907	100	158	0
15.5648	100	158	1
15.5648	100	122	0
15.7154	100	122	1
15.7154	100	55	0
15.7656	100	55	1
15.7656	100	114	0
15.8159	100	114	1
15.8159	100	49	0
16.4109	100	49	1
16.4109	100	29	0
16.5849	100	29	1
16.5849	100	39	0
17.092	100	39	1
17.092	100	135	0
17.1863	100	135	1
17.1863	100	67	0
17.8078	100	67	1
17.8078	100	64	0
18.0823	100	64	1
18.0823	100	15	0
18.5477	100	15	1
18.5477	100	118	0
18.7316	100	118	1
18.7316	100	99	0
19.063	100	99	1
19.063	100	73	0
19.3294	100	73	1
19.3294	100	12	0
19.4283	100	12	1
19.4283	100	36	0
19.812	100	36	1
19.812	100	141	0
20.5531	100	141	1
20.5531	100	142	0
20.6026	100	142	1
20.6026	100	65	0
21.0639	100	65	1
21.0639	100	34	0
21.2219	100	34	1
21.2219	100	1	0
21.2703	100	1	1
21.2703	100	97	0
21.3103	100	97	1
21.3103	100	92	0
21.425	100	92	1
21.425	100	67	0
21.4961	100	67	1
21.4961	100	89	0
21.6285	100	89	1
21.6285	100	134	0
21.7255	100	134	1
21.7255	100	105	0
22.2755	100	105	1
22.2755	100	24	0
22.3783	100	24	1
22.3783	100	126	0
22.6171	100	126	1
22.6171	100	140	0
22.8129	100	140	1
22.8129	100	112	0
23.115	100	112	1
23.115	100	93	0
23.1245	100	93	1
23.1245	100	2	0
23.1787	100	2	1
23.1787	100	55	0
23.3357	100	55	1
23.3357	100	135	0
23.6828	100	135	1
23.6828	100	98	0
23.8023	100	98	1
23.8023	100	165	0
24.3061	100	165	1
24.3061	100	135	0
24.5267	100	135	1
24.5267	100	105	0
24.886	100	105	1
24.886	100	126	0
24.9268	100	126	1
24.9268	100	40	0
24.979	100	40	1
24.979	100	159	0
25.1266	100	159	1
25.1266	100	97	0
25.2135	100	97	1
25.2135	100	68	0
25.5386	100	68	1
25.5386	100	46	0
26.1309	100	46	1
26.1309	100	124	0
26.162	100	124	1
26.162	100	98	0
26.3238	100	98	1
26.3238	100	4	0
26.7234	100	4	1
26.7234	100	3	0
26.7434	100	3	1
26.7434	100	109	0
27.0061	100	109	1
27.0061	100	77	0
27.0771	100	77	1
27.0771	100	48	0
27.3052	100	48	1
27.3052	100	151	0
27.7976	100	151	1
27.7976	100	99	0
27.8789	100	99	1
27.8789	100	63	0
28.4107	100	63	1
28.4107	100	101	0
28.4268	100	101	1
28.4268	100	85	0
29.0322	100	85	1
29.0322	100	64	0
29.2768	100	64	1
29.2768	100	37	0
30.8667	100	37	1
30.8667	100	117	0
31.6143	100	117	1
31.6143	100	161	0
31.8575	100	161	1
31.8575	100	26	0
32.0318	100	26	1
32.0318	100	103	0
32.0705	100	103	1
32.0705	100	27	0
32.2648	100	27	1
32.2648	100	150	0
32.3673	100	150	1
32.3673	100	145	0
33.1707	100	145	1
33.1707	100	149	0
33.1904	100	149	1
33.1904	100	74	0
33.39	100	74	1
33.39	100	108	0
33.5174	100	108	1
33.5174	100	8	0
34.4517	100	8	1
34.4517	100	150	0
34.9364	100	150	1
34.9364	100	35	0
35.6248	100	35	1
35.6248	100	108	0
35.6479	100	108	1
35.6479	100	107	0
35.9548	100	107	1
35.9548	100	97	0
36.1833	100	97	1
36.1833	100	153	0
36.2224	100	153	1
36.2224	100	1	0
36.5219	100	1	1
36.5219	100	9	0
37.2069	100	9	1
37.2069	100	97	0
37.6005	100	97	1
37.6005	100	21	0
37.6857	100	21	1
37.6857	100	59	0
37.8453	100	59	1
37.8453	100	69	0
38.2406	100	69	1
38.2406	100	157	0
38.7266	100	157	1
38.7266	100	153	0
38.7731	100	153	1
38.7731	100	32	0
39.1118	100	32	1
39.1118	100	20	0
39.3855	100	20	1
39.3855	100	157	0
40.11	100	157	1
40.11	100	83	0
40.4212	100	83	1
40.4212	100	12	0
40.4468	100	12	1
40.4468	100	47	0
40.5909	100	47	1
40.5909	100	155	0
40.9942	100	155	1
40.9942	100	80	0
41.3267	100	80	1
41.3267	100	161	0
41.356	100	161	1
41.356	100	7	0
41.4295	100	7	1
41.4295	100	20	0
41.9652	100	20	1
41.9652	100	79	0
42.3897	100	79	1
42.3897	100	157	0
42.3909	100	157	1
42.3909	100	31	0
42.5285	100	31	1
42.5285	100	155	0
42.6951	100	155	1
42.6951	100	113	0
43.3241	100	113	1
43.3241	100	108	0
43.4352	100	108	1
43.4352	100	41	0
43.8536	100	41	1
43.8536	100	37	0
44.0544	100	37	1
44.0544	100	13	0
44.4178	100	13	1
44.4178	100	149	0
44.5728	100	149	1
44.5728	100	126	0
44.7349	100	126	1
44.7349	100	160	0
44.7436	100	160	1
44.7436	100	20	0
45.0371	100	20	1
45.0371	100	95	0
45.0794	100	95	1
45.0794	100	95	0
45.1211	100	95	1
45.1211	100	156	0
46.039	100	156	1
46.039	100	41	0
46.4182	100	41	1
46.4182	100	73	0
46.4466	100	73	1
46.4466	100	16	0
46.9216	100	16	1
46.9216	100	138	0
46.9865	100	138	1
46.9865	100	34	0
47.0042	100	34	1
47.0042	100	150	0
47.4335	100	150	1
47.4335	100	118	0
47.4407	100	118	1
47.4407	100	93	0
47.4511	100	93	1
47.4511	100	97	0
47.5694	100	97	1
47.5694	100	36	0
47.5797	100	36	1
47.5797	100	57	0
48.3862	100	57	1
48.3862	100	120	0
49.0249	100	120	1
49.0249	100	158	0
49.09	100	158	1
49.09	100	84	0
49.4886	100	84	1
49.4886	100	15	0
49.6256	100	15	1
49.6256	100	164	0
50.2575	100	164	1
50.2575	100	58	0
51.23	100	58	1
51.23	100	72	0
51.2329	100	72	1
51.2329	100	159	0
51.3985	100	159	1
51.3985	100	16	0
51.4565	100	16	1
51.4565	100	144	0
52.3354	100	144	1
52.3354	100	134	0
52.8224	100	134	1
52.8224	100	28	0
53.224	100	28	1
53.224	100	73	0
53.4307	100	73	1
53.4307	100	63	0
53.5731	100	63	1
53.5731	100	98	0
53.5987	100	98	1
53.5987	100	143	0
53.7235	100	143	1
53.7235	100	44	0
54.1701	100	44	1
54.1701	100	23	0
54.5846	100	23	1
54.5846	100	109	0
54.799	100	109	1
54.799	100	3	0
55.1223	100	3	1
55.1223	100	49	0
55.3352	100	49	1
55.3352	100	46	0
55.4987	100	46	1
55.4987	100	94	0
55.7038	100	94	1
55.7038	100	21	0
55.7887	100	21	1
55.7887	100	3	0
56.5522	100	3	1
56.5522	100	89	0
56.9707	100	89	1
56.9707	100	91	0
57.191	100	91	1
57.191	100	0	0
57.2433	100	0	1
57.2433	100	52	0
57.2572	100	52	1
57.2572	100	155	0
57.3341	100	155	1
57.3341	100	61	0
57.8186	100	61	1
57.8186	100	28	0
58.0601	100	28	1
58.0601	100	15	0
58.0901	100	15	1
58.0901	100	129	0
58.3717	100	129	1
58.3717	100	32	0
58.423	100	32	1
58.423	100	147	0
58.6637	100	147	1
58.6637	100	64	0
58.7925	100	64	1
58.7925	100	115	0
59.0746	100	115	1
59.0746	100	163	0
59.1585	100	163	1
59.1585	100	65	0
59.3894	100	65	1
59.3894	100	164	0
59.7292	100	164	1
59.7292	100	148	0
59.7499	100	148	1
59.7499	100	76	0
59.9397	100	76	1
59.9397	100	82	0
60.0111	99	82	1
60.0111	99	136	0
60.107	99	136	1
60.107	99	134	0
60.1489	99	134	1
60.1489	99	20	0
60.2121	99	20	1
60.2121	99	66	0
60.5662	99	66	1
60.5662	99	82	0
60.8376	99	82	1
60.8376	99	58	0
61.3199	99	58	1
61.3199	99	81	0
61.5395	99	81	1
61.5395	99	57	0
61.5541	99	57	1
61.5541	99	0	0
61.5593	99	0	1
61.5593	99	12	0
61.7489	99	12	1
61.7489	99	120	0
61.8223	99	120	1
61.8223	99	156	0
62.7535	99	156	1
62.7535	99	66	0
63.1665	99	66	1
63.1665	99	22	0
63.1685	99	22	1
63.1685	99	117	0
63.1685	99	117	1
63.1685	99	144	0
64.0939	99	144	1
64.0939	99	50	0
64.0986	99	50	1
64.0986	99	137	0
64.1633	99	137	1
64.1633	99	83	0
64.4999	99	83	1
64.4999	99	43	0
65.4446	99	43	1
65.4446	99	82	0
65.5963	99	82	1
65.5963	99	92	0
65.8479	99	92	1
65.8479	99	47	0
66.1887	99	47	1
66.1887	99	1	0
67.1639	99	1	1
67.1639	99	146	0
67.3762	99	146	1
67.3762	99	28	0
67.4597	99	28	1
67.4597	99	120	0
67.5321	99	120	1
67.5321	99	136	0
67.6568	99	136	1
67.6568	99	153	0
68.3184	99	153	1
68.3184	99	136	0
68.5181	99	136	1
68.5181	99	1	0
68.722	99	1	1
68.722	99	165	0
69.1971	99	165	1
69.1971	99	94	0
69.2387	99	94	1
69.2387	99	20	0
69.2606	99	20	1
69.2606	99	126	0
69.2891	99	126	1
69.2891	99	138	0
69.4879	99	138	1
69.4879	99	159	0
70.3272	99	159	1
70.3272	99	113	0
70.4681	99	113	1
70.4681	99	17	0
70.6352	99	17	1
70.6352	99	104	0
71.1035	99	104	1
71.1035	99	2	0
71.2013	99	2	1
71.2013	99	159	0
71.7816	99	159	1
71.7816	99	149	0
72.0744	99	149	1
72.0744	99	73	0
72.2087	99	73	1
72.2087	99	122	0
72.2976	99	122	1
72.2976	99	136	0
72.6233	99	136	1
72.6233	99	5	0
72.7008	99	5	1
72.7008	99	131	0
73.2607	99	131	1
73.2607	99	21	0
73.518	99	21	1
73.518	99	122	0
73.6452	99	122	1
73.6452	99	121	0
73.7044	99	121	1
73.7044	99	33	0
73.8482	99	33	1
73.8482	99	106	0
74.207	99	106	1
74.207	99	48	0
74.3702	99	48	1
74.3702	99	125	0
75.5772	99	125	1
75.5772	99	63	0
75.594	99	63	1
75.594	99	148	0
75.7509	99	148	1
75.7509	99	137	0
75.7707	99	137	1
75.7707	99	37	0
75.7866	99	37	1
75.7866	99	131	0
76.0818	99	131	1
76.0818	99	48	0
76.0912	99	48	1
76.0912	99	0	0
76.1253	99	0	1
76.1253	99	161	0
76.3192	99	161	1
76.3192	99	105	0
77.3647	99	105	1
77.3647	99	20	0
77.853	99	20	1
77.853	99	16	0
77.8716	99	16	1
77.8716	99	155	0
77.8769	99	155	1
77.8769	99	118	0
78.1722	99	118	1
78.1722	99	95	0
78.3223	99	95	1
78.3223	99	92	0
78.3792	99	92	1
78.3792	99	91	0
79.3925	99	91	1
79.3925	99	147	0
79.6075	99	147	1
79.6075	99	41	0
80.1052	99	41	1
80.1052	99	163	0
80.1989	99	163	1
80.1989	99	24	0
80.2765	99	24	1
80.2765	99	117	0
80.2935	99	117	1
80.2935	99	33	0
80.5442	99	33	1
80.5442	99	139	0
80.8009	99	139	1
80.8009	99	10	0
81.2157	99	10	1
81.2157	99	81	0
81.3345	99	81	1
81.3345	99	25	0
82.2566	99	25	1
82.2566	99	110	0
82.3523	99	110	1
82.3523	99	16	0
83.0984	99	16	1
83.0984	99	101	0
83.1966	99	101	1
83.1966	99	9	0
83.2369	99	9	1
83.2369	99	78	0
83.5014	99	78	1
83.5014	99	7	0
83.5053	99	7	1
83.5053	99	81	0
83.6414	99	81	1
83.6414	99	57	0
83.7933	99	57	1
83.7933	99	56	0
84.3599	99	56	1
84.3599	99	7	0
84.8127	99	7	1
84.8127	99	9	0
84.8221	99	9	1
84.8221	99	110	0
84.8477	99	110	1
84.8477	99	112	0
85.4211	99	112	1
85.4211	99	15	0
85.7464	99	15	1
85.7464	99	12	0
85.8923	99	12	1
85.8923	99	128	0
86.2499	99	128	1
86.2499	99	160	0
86.3608	99	160	1
86.3608	99	116	0
86.6935	99	116	1
86.6935	99	24	0
87.049	99	24	1
87.049	99	75	0
87.1992	99	75	1
87.1992	99	114	0
87.3711	99	114	1
87.3711	99	113	0
87.4683	99	113	1
87.4683	99	155	0
88.5713	99	155	1
88.5713	99	140	0
89.0303	99	140	1
89.0303	99	59	0
89.3254	99	59	1
89.3254	99	70	0
89.5938	99	70	1
89.5938	99	40	0
89.6017	99	40	1
89.6017	99	125	0
90.4675	99	125	1
90.4675	99	151	0
90.5489	99	151	1
90.5489	99	159	0
90.7352	99	159	1
90.7352	99	148	0
91.0322	99	148	1
91.0322	99	52	0
92.3342	99	52	1
92.3342	99	23	0
92.6954	99	23	1
92.6954	99	59	0
92.7623	99	59	1
92.7623	99	136	0
93.509	99	136	1
93.509	99	32	0
94.0644	99	32	1
94.0644	99	129	0
94.1322	99	129	1
94.1322	99	141	0
94.148	99	141	1
94.148	99	75	0
94.593	99	75	1
94.593	99	136	0
94.7759	99	136	1
94.7759	99	85	0
94.9525	99	85	1
94.9525	99	154	0
95.0633	99	154	1
95.0633	99	97	0
96.3301	99	97	1
96.3301	99	48	0
96.3481	99	48	1
96.3481	99	59	0
96.4641	99	59	1
96.4641	99	88	0
96.5524	99	88	1
96.5524	99	59	0
96.7202	99	59	1
96.7202	99	43	0
97.5336	99	43	1
97.5336	99	81	0
97.9377	99	81	1
97.9377	99	10	0
98.2655	99	10	1
98.2655	99	35	0
98.3333	99	35	1
98.3333	99	130	0
98.3371	99	130	1
98.3371	99	89	0
98.6514	99	89	1
98.6514	99	152	0
98.7512	99	152	1
98.7512	99	33	0
99.0841	99	33	1
99.0841	99	108	0
99.2106	99	108	1
99.2106	99	54	0
99.5759	99	54	1
99.5759	99	103	0
99.8522	99	103	1
99.8522	99	71	0
100.338	99	71	1
100.338	99	9	0
100.496	99	9	1
100.496	99	164	0
100.765	99	164	1
100.765	99	98	0
101.221	99	98	1
101.221	99	62	0
101.294	99	62	1
101.294	99	5	0
101.399	99	5	1
101.399	99	38	0
101.605	99	38	1
101.605	99	161	0
101.933	99	161	1
101.933	99	133	0
102.312	99	133	1
102.312	99	101	0
102.633	99	101	1
102.633	99	35	0
102.979	99	35	1
102.979	99	105	0
103.344	99	105	1
103.344	99	80	0
103.482	99	80	1
103.482	99	147	0
103.868	99	147	1
103.868	99	121	0
104.596	99	121	1
104.596	99	77	0
104.732	99	77	1
104.732	99	71	0
104.786	99	71	1
104.786	99	29	0
104.953	99	29	1
104.953	99	153	0
104.998	99	153	1
104.998	99	158	0
105.033	99	158	1
105.033	99	74	0
105.122	99	74	1
105.122	99	141	0
106.43	99	141	1
106.43	99	117	0
106.75	99	117	1
106.75	99	52	0
106.978	99	52	1
106.978	99	79	0
107.272	99	79	1
107.272	99	60	0
107.4	99	60	1
107.4	99	90	0
107.663	99	90	1
107.663	99	91	0
107.686	99	91	1
107.686	99	20	0
107.753	99	20	1
107.753	99	8	0
107.856	99	8	1
107.856	99	105	0
108.838	99	105	1
108.838	99	18	0
108.874	99	18	1
108.874	99	11	0
109.119	99	11	1
109.119	99	128	0
109.66	99	128	1
109.66	99	76	0
110.112	99	76	1
110.112	99	54	0
110.218	99	54	1
110.218	99	15	0
110.489	99	15	1
110.489	99	33	0
110.514	99	33	1
110.514	99	49	0
110.715	99	49	1
110.715	99	52	0
111.048	99	52	1
111.048	99	65	0
111.084	99	65	1
111.084	99	16	0
111.14	99	16	1
111.14	99	117	0
111.379	99	117	1
111.379	99	34	0
111.383	99	34	1
111.383	99	140	0
112.421	99	140	1
112.421	99	75	0
112.726	99	75	1
112.726	99	107	0
113.363	99	107	1
113.363	99	70	0
113.412	99	70	1
113.412	99	26	0
113.485	99	26	1
113.485	99	81	0
113.516	99	81	1
113.516	99	19	0
114.494	99	19	1
114.494	99	44	0
114.681	99	44	1
114.681	99	164	0
115.724	99	164	1
115.724	99	27	0
115.728	99	27	1
115.728	99	149	0
115.772	99	149	1
115.772	99	164	0
115.79	99	164	1
115.79	99	45	0
116.456	99	45	1
116.456	99	14	0
116.545	99	14	1
116.545	99	77	0
116.67	99	77	1
116.67	99	37	0
116.81	99	37	1
116.81	99	46	0
117.091	99	46	1
117.091	99	113	0
117.287	99	113	1
117.287	99	91	0
117.335	99	91	1
117.335	99	161	0
118.137	99	161	1
118.137	99	81	0
118.944	99	81	1
118.944	99	163	0
119.085	99	163	1
119.085	99	83	0
119.12	99	83	1
119.12	99	83	0
119.121	99	83	1
119.121	99	99	0
119.134	99	99	1
119.134	99	76	0
120.066	98	76	1
120.066	98	42	0
120.3	98	42	1
120.3	98	19	0
120.923	98	19	1
120.923	98	142	0
121.613	98	142	1
121.613	98	86	0
121.848	98	86	1
121.848	98	97	0
122.102	98	97	1
122.102	98	40	0
122.149	98	40	1
122.149	98	161	0
122.153	98	161	1
122.153	98	89	0
122.446	98	89	1
122.446	98	115	0
122.545	98	115	1
122.545	98	37	0
122.742	98	37	1
122.742	98	50	0
122.955	98	50	1
122.955	98	102	0
122.997	98	102	1
122.997	98	61	0
123.135	98	61	1
123.135	98	134	0
123.199	98	134	1
123.199	98	84	0
123.601	98	84	1
123.601	98	30	0
123.635	98	30	1
123.635	98	44	0
123.638	98	44	1
123.638	98	32	0
124.192	98	32	1
124.192	98	63	0
124.26	98	63	1
124.26	98	143	0
124.37	98	143	1
124.37	98	29	0
124.993	98	29	1
124.993	98	129	0
125.061	98	129	1
125.061	98	141	0
125.217	98	141	1
125.217	98	39	0
125.655	98	39	1
125.655	98	152	0
125.802	98	152	1
125.802	98	29	0
125.848	98	29	1
125.848	98	59	0
126.366	98	59	1
126.366	98	70	0
126.393	98	70	1
126.393	98	122	0
126.515	98	122	1
126.515	98	27	0
126.763	98	27	1
126.763	98	108	0
126.876	98	108	1
126.876	98	126	0
126.892	98	126	1
126.892	98	12	0
126.938	98	12	1
126.938	98	59	0
127.506	98	59	1
127.506	98	1	0
127.564	98	1	1
127.564	98	42	0
128.85	98	42	1
128.85	98	91	0
129.011	98	91	1
129.011	98	99	0
129.185	98	99	1
129.185	98	85	0
129.351	98	85	1
129.351	98	140	0
129.789	98	140	1
129.789	98	4	0
130.294	98	4	1
130.294	98	67	0
130.431	98	67	1
130.431	98	134	0
130.593	98	134	1
130.593	98	138	0
130.648	98	138	1
130.648	98	90	0
131.504	98	90	1
131.504	98	2	0
131.564	98	2	1
131.564	98	89	0
132.009	98	89	1
132.009	98	29	0
132.618	98	29	1
132.618	98	75	0
132.829	98	75	1
132.829	98	65	0
132.87	98	65	1
132.87	98	72	0
133.135	98	72	1
133.135	98	160	0
133.318	98	160	1
133.318	98	131	0
133.495	98	131	1
133.495	98	114	0
133.747	98	114	1
133.747	98	59	0
134.171	98	59	1
134.171	98	96	0
134.268	98	96	1
134.268	98	59	0
134.418	98	59	1
134.418	98	158	0
134.502	98	158	1
134.502	98	118	0
134.79	98	118	1
134.79	98	140	0
134.968	98	140	1
134.968	98	120	0
135.023	98	120	1
135.023	98	116	0
136.081	98	116	1
136.081	98	144	0
136.208	98	144	1
136.208	98	92	0
136.918	98	92	1
136.918	98	57	0
137.318	98	57	1
137.318	98	88	0
137.389	98	88	1
137.389	98	60	0
137.678	98	60	1
137.678	98	41	0
137.924	98	41	1
137.924	98	158	0
138.664	98	158	1
138.664	98	146	0
138.723	98	146	1
138.723	98	146	0
138.752	98	146	1
138.752	98	153	0
139.258	98	153	1
139.258	98	128	0
139.416	98	128	1
139.416	98	109	0
139.85	98	109	1
139.85	98	6	0
140.248	98	6	1
140.248	98	100	0
140.622	98	100	1
140.622	98	43	0
140.887	98	43	1
140.887	98	87	0
140.941	98	87	1
140.941	98	164	0
141.088	98	164	1
141.088	98	110	0
141.189	98	110	1
141.189	98	163	0
141.707	98	163	1
141.707	98	130	0
141.907	98	130	1
141.907	98	28	0
142.219	98	28	1
142.219	98	156	0
142.286	98	156	1
142.286	98	139	0
142.383	98	139	1
142.383	98	41	0
142.399	98	41	1
142.399	98	76	0
142.673	98	76	1
142.673	98	66	0
142.713	98	66	1
142.713	98	70	0
142.722	98	70	1
142.722	98	146	0
143.608	98	146	1
143.608	98	108	0
144.017	98	108	1
144.017	98	7	0
144.155	98	7	1
144.155	98	58	0
144.287	98	58	1
144.287	98	84	0
144.765	98	84	1
144.765	98	141	0
145.009	98	141	1
145.009	98	31	0
145.268	98	31	1
145.268	98	144	0
145.664	98	144	1
145.664	98	124	0
145.828	98	124	1
145.828	98	34	0
145.995	98	34	1
145.995	98	63	0
146.349	98	63	1
146.349	98	104	0
146.416	98	104	1
146.416	98	76	0
146.692	98	76	1
146.692	98	37	0
146.935	98	37	1
146.935	98	19	0
146.999	98	19	1
146.999	98	128	0
147.559	98	128	1
147.559	98	125	0
147.929	98	125	1
147.929	98	105	0
148.04	98	105	1
148.04	98	39	0
148.321	98	39	1
148.321	98	152	0
148.407	98	152	1
148.407	98	130	0
149.679	98	130	1
149.679	98	34	0
150.06	98	34	1
150.06	98	80	0
150.3	98	80	1
150.3	98	130	0
150.389	98	130	1
150.389	98	34	0
150.578	98	34	1
150.578	98	53	0
150.89	98	53	1
150.89	98	83	0
151.436	98	83	1
151.436	98	128	0
151.69	98	128	1
151.69	98	20	0
151.838	98	20	1
151.838	98	89	0
151.877	98	89	1
151.877	98	59	0
152.21	98	59	1
152.21	98	7	0
153.021	98	7	1
153.021	98	141	0
153.171	98	141	1
153.171	98	63	0
153.659	98	63	1
153.659	98	0	0
154.217	98	0	1
154.217	98	21	0
154.404	98	21	1
154.404	98	36	0
154.464	98	36	1
154.464	98	65	0
154.49	98	65	1
154.49	98	69	0
154.745	98	69	1
154.745	98	77	0
155.466	98	77	1
155.466	98	42	0
155.607	98	42	1
155.607	98	145	0
156.315	98	145	1
156.315	98	102	0
156.471	98	102	1
156.471	98	120	0
157.031	98	120	1
157.031	98	82	0
157.153	98	82	1
157.153	98	37	0
157.916	98	37	1
157.916	98	50	0
158.019	98	50	1
158.019	98	77	0
159.368	98	77	1
159.368	98	81	0
159.777	98	81	1
159.777	98	63	0
159.83	98	63	1
159.83	98	58	0
159.944	98	58	1
159.944	98	25	0
160.879	98	25	1
160.879	98	160	0
161.677	98	160	1
161.677	98	158	0
161.937	98	158	1
161.937	98	151	0
161.971	98	151	1
161.971	98	118	0
162.102	98	118	1
162.102	98	165	0
162.212	98	165	1
162.212	98	139	0
162.727	98	139	1
162.727	98	146	0
162.801	98	146	1
162.801	98	59	0
163.018	98	59	1
163.018	98	12	0
164.442	98	12	1
164.442	98	128	0
164.71	98	128	1
164.71	98	24	0
165.699	98	24	1
165.699	98	18	0
165.839	98	18	1
165.839	98	126	0
165.912	98	126	1
165.912	98	22	0
166.045	98	22	1
166.045	98	47	0
166.397	98	47	1
166.397	98	59	0
166.681	98	59	1
166.681	98	56	0
166.749	98	56	1
166.749	98	103	0
166.789	98	103	1
166.789	98	73	0
166.939	98	73	1
166.939	98	47	0
167.295	98	47	1
167.295	98	94	0
167.434	98	94	1
167.434	98	39	0
167.733	98	39	1
167.733	98	110	0
167.929	98	110	1
167.929	98	3	0
168.081	98	3	1
168.081	98	71	0
168.319	98	71	1
168.319	98	45	0
169.168	98	45	1
169.168	98	136	0
169.411	98	136	1
169.411	98	37	0
169.751	98	37	1
169.751	98	40	0
170.444	98	40	1
170.444	98	87	0
170.511	98	87	1
170.511	98	67	0
170.709	98	67	1
170.709	98	49	0
170.755	98	49	1
170.755	98	69	0
171.028	98	69	1
171.028	98	27	0
171.053	98	27	1
171.053	98	75	0
171.075	98	75	1
171.075	98	24	0
171.139	98	24	1
171.139	98	80	0
171.27	98	80	1
171.27	98	63	0
171.43	98	63	1
171.43	98	75	0
171.816	98	75	1
171.816	98	73	0
172.554	98	73	1
172.554	98	36	0
172.738	98	36	1
172.738	98	111	0
172.801	98	111	1
172.801	98	97	0
172.971	98	97	1
172.971	98	15	0
173.259	98	15	1
173.259	98	59	0
173.296	98	59	1
173.296	98	35	0
173.312	98	35	1
173.312	98	48	0
173.545	98	48	1
173.545	98	58	0
174.198	98	58	1
174.198	98	26	0
174.233	98	26	1
174.233	98	63	0
174.364	98	63	1
174.364	98	147	0
175.064	98	147	1
175.064	98	49	0
176.199	98	49	1
176.199	98	7	0
176.668	98	7	1
176.668	98	127	0
176.803	98	127	1
176.803	98	36	0
176.967	98	36	1
176.967	98	158	0
177.251	98	158	1
177.251	98	68	0
177.399	98	68	1
177.399	98	101	0
177.526	98	101	1
177.526	98	19	0
178.075	98	19	1
178.075	98	89	0
178.101	98	89	1
178.101	98	142	0
178.711	98	142	1
178.711	98	77	0
178.713	98	77	1
178.713	98	52	0
178.957	98	52	1
178.957	98	19	0
178.979	98	19	1
178.979	98	132	0
179.674	98	132	1
179.674	98	103	0
179.825	98	103	1
179.825	98	100	0
179.956	98	100	1
179.956	98	161	0
180.191	97	161	1
180.191	97	32	0
180.385	97	32	1
180.385	97	162	0
180.914	97	162	1
180.914	97	114	0
180.95	97	114	1
180.95	97	77	0
181.318	97	77	1
181.318	97	148	0
181.403	97	148	1
181.403	97	28	0
181.453	97	28	1
181.453	97	93	0
182.074	97	93	1
182.074	97	12	0
183.231	97	12	1
183.231	97	164	0
184.129	97	164	1
184.129	97	14	0
184.292	97	14	1
184.292	97	89	0
184.688	97	89	1
184.688	97	66	0
184.757	97	66	1
184.757	97	52	0
184.915	97	52	1
184.915	97	77	0
185.492	97	77	1
185.492	97	53	0
185.507	97	53	1
185.507	97	155	0
185.57	97	155	1
185.57	97	83	0
186.715	97	83	1
186.715	97	72	0
187.588	97	72	1
187.588	97	86	0
187.95	97	86	1
187.95	97	149	0
188.09	97	149	1
188.09	97	78	0
188.762	97	78	1
188.762	97	57	0
188.766	97	57	1
188.766	97	27	0
189.306	97	27	1
189.306	97	107	0
189.379	97	107	1
189.379	97	151	0
190.366	97	151	1
190.366	97	79	0
190.456	97	79	1
190.456	97	7	0
190.776	97	7	1
190.776	97	48	0
191.011	97	48	1
191.011	97	65	0
192.467	97	65	1
192.467	97	30	0
192.591	97	30	1
192.591	97	164	0
192.737	97	164	1
192.737	97	84	0
192.928	97	84	1
192.928	97	140	0
192.97	97	140	1
192.97	97	84	0
193.054	97	84	1
193.054	97	33	0
193.153	97	33	1
193.153	97	138	0
193.33	97	138	1
193.33	97	57	0
193.439	97	57	1
193.439	97	69	0
194.013	97	69	1
194.013	97	122	0
194.551	97	122	1
194.551	97	32	0
194.907	97	32	1
194.907	97	150	0
195.024	97	150	1
195.024	97	59	0
195.361	97	59	1
195.361	97	77	0
196.084	97	77	1
196.084	97	135	0
196.363	97	135	1
196.363	97	81	0
197.721	97	81	1
197.721	97	152	0
197.758	97	152	1
197.758	97	139	0
197.977	97	139	1
197.977	97	49	0
198.106	97	49	1
198.106	97	105	0
198.409	97	105	1
198.409	97	92	0
199.353	97	92	1
199.353	97	25	0
199.607	97	25	1
199.607	97	103	0
199.699	97	103	1
199.699	97	35	0
199.953	97	35	1
199.953	97	54	0
200.165	97	54	1
200.165	97	13	0
200.335	97	13	1
200.335	97	110	0
200.434	97	110	1
200.434	97	123	0
200.511	97	123	1
200.511	97	107	0
201.094	97	107	1
201.094	97	46	0
201.118	97	46	1
201.118	97	79	0
201.389	97	79	1
201.389	97	89	0
202.035	97	89	1
202.035	97	121	0
202.385	97	121	1
202.385	97	95	0
202.783	97	95	1
202.783	97	44	0
203.081	97	44	1
203.081	97	159	0
203.294	97	159	1
203.294	97	164	0
203.795	97	164	1
203.795	97	161	0
204.262	97	161	1
204.262	97	56	0
204.671	97	56	1
204.671	97	44	0
204.783	97	44	1
204.783	97	84	0
205.301	97	84	1
205.301	97	132	0
205.378	97	132	1
205.378	97	76	0
206.132	97	76	1
206.132	97	107	0
207.05	97	107	1
207.05	97	54	0
207.187	97	54	1
207.187	97	154	0
207.537	97	154	1
207.537	97	68	0
207.721	97	68	1
207.721	97	32	0
208.338	97	32	1
208.338	97	146	0
208.492	97	146	1
208.492	97	83	0
208.943	97	83	1
208.943	97	132	0
209.223	97	132	1
209.223	97	65	0
209.318	97	65	1
209.318	97	61	0
209.995	97	61	1
209.995	97	49	0
210.563	97	49	1
210.563	97	131	0
210.578	97	131	1
210.578	97	84	0
210.821	97	84	1
210.821	97	100	0
211.041	97	100	1
211.041	97	116	0
211.121	97	116	1
211.121	97	49	0
211.268	97	49	1
211.268	97	37	0
212.1	97	37	1
212.1	97	105	0
212.26	97	105	1
212.26	97	94	0
212.276	97	94	1
212.276	97	107	0
212.385	97	107	1
212.385	97	162	0
212.79	97	162	1
212.79	97	104	0
213.45	97	104	1
213.45	97	121	0
213.473	97	121	1
213.473	97	94	0
213.634	97	94	1
213.634	97	9	0
214.178	97	9	1
214.178	97	65	0
214.346	97	65	1
214.346	97	124	0
214.772	97	124	1
214.772	97	145	0
215.166	97	145	1
215.166	97	144	0
215.314	97	144	1
215.314	97	112	0
215.379	97	112	1
215.379	97	61	0
215.712	97	61	1
215.712	97	76	0
215.846	97	76	1
215.846	97	78	0
215.957	97	78	1
215.957	97	70	0
216.099	97	70	1
216.099	97	162	0
216.461	97	162	1
216.461	97	132	0
216.554	97	132	1
216.554	97	46	0
216.981	97	46	1
216.981	97	40	0
217.191	97	40	1
217.191	97	30	0
217.996	97	30	1
217.996	97	43	0
218.446	97	43	1
218.446	97	129	0
218.52	97	129	1
218.52	97	106	0
218.65	97	106	1
218.65	97	6	0
218.844	97	6	1
218.844	97	142	0
218.886	97	142	1
218.886	97	128	0
219.246	97	128	1
219.246	97	129	0
219.882	97	129	1
219.882	97	3	0
220.78	97	3	1
220.78	97	8	0
221.22	97	8	1
221.22	97	150	0
221.665	97	150	1
221.665	97	22	0
221.746	97	22	1
221.746	97	43	0
222.216	97	43	1
222.216	97	127	0
222.301	97	127	1
222.301	97	107	0
222.368	97	107	1
222.368	97	120	0
222.371	97	120	1
222.371	97	158	0
222.641	97	158	1
222.641	97	125	0
223.424	97	125	1
223.424	97	159	0
224.343	97	159	1
224.343	97	58	0
224.753	97	58	1
224.753	97	140	0
224.766	97	140	1
224.766	97	147	0
225.081	97	147	1
225.081	97	44	0
225.444	97	44	1
225.444	97	68	0
225.735	97	68	1
225.735	97	108	0
225.865	97	108	1
225.865	97	156	0
226.114	97	156	1
226.114	97	67	0
226.307	97	67	1
226.307	97	128	0
226.375	97	128	1
226.375	97	35	0
227.098	97	35	1
227.098	97	41	0
227.267	97	41	1
227.267	97	102	0
227.973	97	102	1
227.973	97	29	0
227.993	97	29	1
227.993	97	129	0
228.015	97	129	1
228.015	97	6	0
228.607	97	6	1
228.607	97	121	0
228.959	97	121	1
228.959	97	153	0
229.008	97	153	1
229.008	97	132	0
229.37	97	132	1
229.37	97	117	0
229.745	97	117	1
229.745	97	20	0
229.751	97	20	1
229.751	97	31	0
229.911	97	31	1
229.911	97	123	0
230.472	97	123	1
230.472	97	83	0
230.473	97	83	1
230.473	97	3	0
230.987	97	3	1
230.987	97	78	0
231.029	97	78	1
231.029	97	60	0
231.189	97	60	1
231.189	97	46	0
231.364	97	46	1
231.364	97	108	0
231.894	97	108	1
231.894	97	42	0
231.94	97	42	1
231.94	97	111	0
232.077	97	111	1
232.077	97	34	0
232.086	97	34	1
232.086	97	88	0
232.941	97	88	1
232.941	97	99	0
232.988	97	99	1
232.988	97	155	0
233.938	97	155	1
233.938	97	150	0
234.086	97	150	1
234.086	97	142	0
234.1	97	142	1
234.1	97	37	0
234.23	97	37	1
234.23	97	57	0
234.232	97	57	1
234.232	97	70	0
235.113	97	70	1
235.113	97	163	0
235.343	97	163	1
235.343	97	66	0
235.444	97	66	1
235.444	97	135	0
235.66	97	135	1
235.66	97	133	0
236.496	97	133	1
236.496	97	69	0
236.679	97	69	1
236.679	97	13	0
236.915	97	13	1
236.915	97	123	0
236.999	97	123	1
236.999	97	147	0
238.424	97	147	1
238.424	97	33	0
238.513	97	33	1
238.513	97	105	0
238.676	97	105	1
238.676	97	120	0
238.718	97	120	1
238.718	97	3	0
239.075	97	3	1
239.075	97	16	0
239.371	97	16	1
239.371	97	30	0
239.403	97	30	1
239.403	97	101	0
239.656	97	101	1
239.656	97	138	0
239.886	97	138	1
239.886	97	53	0
240.187	96	53	1
240.187	96	149	0
240.489	96	149	1
240.489	96	56	0
241.046	96	56	1
241.046	96	78	0
241.267	96	78	1
241.267	96	8	0
241.403	96	8	1
241.403	96	144	0
241.76	96	144	1
241.76	96	19	0
242.124	96	19	1
242.124	96	34	0
243.022	96	34	1
243.022	96	134	0
243.146	96	134	1
243.146	96	76	0
243.405	96	76	1
243.405	96	143	0
243.625	96	143	1
243.625	96	130	0
243.88	96	130	1
243.88	96	106	0
244.111	96	106	1
244.111	96	101	0
244.847	96	101	1
244.847	96	41	0
245.037	96	41	1
245.037	96	125	0
245.524	96	125	1
245.524	96	70	0
245.81	96	70	1
245.81	96	131	0
245.844	96	131	1
245.844	96	15	0
246.362	96	15	1
246.362	96	151	0
246.55	96	151	1
246.55	96	144	0
246.851	96	144	1
246.851	96	125	0
247.004	96	125	1
247.004	96	151	0
247.201	96	151	1
247.201	96	144	0
247.403	96	144	1
247.403	96	164	0
248.037	96	164	1
248.037	96	87	0
248.606	96	87	1
248.606	96	32	0
249.051	96	32	1
249.051	96	70	0
249.359	96	70	1
249.359	96	99	0
249.933	96	99	1
249.933	96	120	0
249.983	96	120	1
249.983	96	163	0
249.991	96	163	1
249.991	96	44	0
250.008	96	44	1
250.008	96	93	0
250.669	96	93	1
250.669	96	108	0
250.75	96	108	1
250.75	96	58	0
250.854	96	58	1
250.854	96	102	0
251.307	96	102	1
251.307	96	162	0
251.327	96	162	1
251.327	96	61	0
251.335	96	61	1
251.335	96	143	0
251.569	96	143	1
251.569	96	62	0
252.692	96	62	1
252.692	96	151	0
252.819	96	151	1
252.819	96	98	0
253.09	96	98	1
253.09	96	10	0
253.24	96	10	1
253.24	96	132	0
253.597	96	132	1
253.597	96	131	0
254.145	96	131	1
254.145	96	134	0
254.165	96	134	1
254.165	96	16	0
254.45	96	16	1
254.45	96	52	0
254.968	96	52	1
254.968	96	13	0
255.634	96	13	1
255.634	96	91	0
255.76	96	91	1
255.76	96	44	0
255.893	96	44	1
255.893	96	117	0
255.976	96	117	1
255.976	96	159	0
256.04	96	159	1
256.04	96	21	0
256.349	96	21	1
256.349	96	128	0
256.433	96	128	1
256.433	96	32	0
257.002	96	32	1
257.002	96	0	0
257.431	96	0	1
257.431	96	65	0
257.519	96	65	1
257.519	96	125	0
257.598	96	125	1
257.598	96	45	0
257.599	96	45	1
257.599	96	14	0
257.887	96	14	1
257.887	96	131	0
257.91	96	131	1
257.91	96	90	0
258.268	96	90	1
258.268	96	41	0
258.537	96	41	1
258.537	96	64	0
258.598	96	64	1
258.598	96	92	0
258.85	96	92	1
258.85	96	153	0
259.668	96	153	1
259.668	96	134	0
259.707	96	134	1
259.707	96	115	0
260.121	96	115	1
260.121	96	144	0
260.628	96	144	1
260.628	96	67	0
261.377	96	67	1
261.377	96	90	0
261.58	96	90	1
261.58	96	53	0
261.969	96	53	1
261.969	96	84	0
262.691	96	84	1
262.691	96	64	0
262.905	96	64	1
262.905	96	86	0
262.97	96	86	1
262.97	96	150	0
263.041	96	150	1
263.041	96	73	0
263.162	96	73	1
263.162	96	102	0
263.365	96	102	1
263.365	96	4	0
263.845	96	4	1
263.845	96	122	0
264.342	96	122	1
264.342	96	41	0
264.362	96	41	1
264.362	96	143	0
264.389	96	143	1
264.389	96	42	0
264.676	96	42	1
264.676	96	100	0
265.004	96	100	1
265.004	96	27	0
265.588	96	27	1
265.588	96	98	0
265.627	96	98	1
265.627	96	35	0
265.652	96	35	1
265.652	96	94	0
266.437	96	94	1
266.437	96	66	0
266.753	96	66	1
266.753	96	88	0
266.821	96	88	1
266.821	96	18	0
266.989	96	18	1
266.989	96	24	0
267.147	96	24	1
267.147	96	47	0
267.626	96	47	1
267.626	96	152	0
267.749	96	152	1
267.749	96	94	0
267.858	96	94	1
267.858	96	65	0
268.445	96	65	1
268.445	96	13	0
269.014	96	13	1
269.014	96	93	0
269.048	96	93	1
269.048	96	7	0
269.302	96	7	1
269.302	96	73	0
269.838	96	73	1
269.838	96	51	0
270.084	96	51	1
270.084	96	152	0
270.179	96	152	1
270.179	96	66	0
270.329	96	66	1
270.329	96	73	0
270.892	96	73	1
270.892	96	30	0
271.269	96	30	1
271.269	96	60	0
271.482	96	60	1
271.482	96	102	0
271.601	96	102	1
271.601	96	85	0
272.299	96	85	1
272.299	96	42	0
273.111	96	42	1
273.111	96	82	0
273.246	96	82	1
273.246	96	138	0
273.389	96	138	1
273.389	96	152	0
273.58	96	152	1
273.58	96	87	0
274.218	96	87	1
274.218	96	5	0
274.531	96	5	1
274.531	96	100	0
274.697	96	100	1
274.697	96	22	0
274.8	96	22	1
274.8	96	129	0
275.12	96	129	1
275.12	96	159	0
275.207	96	159	1
275.207	96	25	0
275.31	96	25	1
275.31	96	147	0
275.787	96	147	1
275.787	96	35	0
276.046	96	35	1
276.046	96	19	0
276.387	96	19	1
276.387	96	126	0
276.836	96	126	1
276.836	96	149	0
277.051	96	149	1
277.051	96	107	0
277.214	96	107	1
277.214	96	30	0
277.218	96	30	1
277.218	96	21	0
277.702	96	21	1
277.702	96	18	0
277.913	96	18	1
277.913	96	31	0
278.054	96	31	1
278.054	96	66	0
278.536	96	66	1
278.536	96	148	0
279.142	96	148	1
279.142	96	16	0
279.279	96	16	1
279.279	96	41	0
279.694	96	41	1
279.694	96	93	0
279.843	96	93	1
279.843	96	137	0
280.477	96	137	1
280.477	96	26	0
280.793	96	26	1
280.793	96	162	0
281.275	96	162	1
281.275	96	8	0
281.488	96	8	1
281.488	96	79	0
281.656	96	79	1
281.656	96	59	0
282.003	96	59	1
282.003	96	65	0
282.596	96	65	1
282.596	96	96	0
282.65	96	96	1
282.65	96	119	0
282.879	96	119	1
282.879	96	83	0
283.041	96	83	1
283.041	96	51	0
283.243	96	51	1
283.243	96	149	0
283.266	96	149	1
283.266	96	138	0
283.529	96	138	1
283.529	96	11	0
283.661	96	11	1
283.661	96	107	0
283.675	96	107	1
283.675	96	139	0
284.682	96	139	1
284.682	96	50	0
285.42	96	50	1
285.42	96	32	0
285.503	96	32	1
285.503	96	30	0
285.724	96	30	1
285.724	96	41	0
285.726	96	41	1
285.726	96	107	0
285.812	96	107	1
285.812	96	154	0
286.541	96	154	1
286.541	96	118	0
286.812	96	118	1
286.812	96	73	0
286.939	96	73	1
286.939	96	28	0
287.458	96	28	1
287.458	96	103	0
288.144	96	103	1
288.144	96	156	0
288.273	96	156	1
288.273	96	139	0
288.328	96	139	1
288.328	96	76	0
288.436	96	76	1
288.436	96	117	0
288.614	96	117	1
288.614	96	3	0
288.619	96	3	1
288.619	96	165	0
288.637	96	165	1
288.637	96	77	0
289.011	96	77	1
289.011	96	134	0
289.393	96	134	1
289.393	96	55	0
289.731	96	55	1
289.731	96	127	0
290.116	96	127	1
290.116	96	95	0
290.478	96	95	1
290.479	96	9	0
290.565	96	9	1
290.565	96	110	0
291.291	96	110	1
291.291	96	128	0
292.254	96	128	1
292.254	96	46	0
292.39	96	46	1
292.39	96	151	0
292.712	96	151	1
292.712	96	149	0
293.108	96	149	1
293.108	96	58	0
293.246	96	58	1
293.246	96	148	0
293.281	96	148	1
293.281	96	74	0
293.366	96	74	1
293.366	96	165	0
293.449	96	165	1
293.449	96	110	0
294.331	96	110	1
294.331	96	107	0
294.335	96	107	1
294.335	96	38	0
294.862	96	38	1
294.862	96	69	0
295.036	96	69	1
295.036	96	105	0
295.068	96	105	1
295.068	96	28	0
295.464	96	28	1
295.464	96	34	0
295.513	96	34	1
295.513	96	116	0
295.686	96	116	1
295.686	96	126	0
295.84	96	126	1
295.84	96	108	0
296.422	96	108	1
296.422	96	11	0
296.776	96	11	1
296.776	96	126	0
296.927	96	126	1
296.927	96	149	0
297.352	96	149	1
297.352	96	122	0
297.883	96	122	1
297.883	96	42	0
297.97	96	42	1
297.97	96	124	0
297.993	96	124	1
297.993	96	23	0
298.357	96	23	1
298.357	96	7	0
298.397	96	7	1
298.397	96	118	0
299.238	96	118	1
299.238	96	163	0
299.335	96	163	1
299.335	96	163	0
299.516	96	163	1
299.516	96	37	0
300.087	95	37	1
300.087	95	103	0
300.258	95	103	1
300.258	95	112	0
300.335	95	112	1
300.335	95	95	0
300.77	95	95	1
300.77	95	45	0
301.06	95	45	1
301.06	95	5	0
301.217	95	5	1
301.217	95	57	0
301.384	95	57	1
301.384	95	48	0
301.467	95	48	1
301.467	95	0	0
301.527	95	0	1
301.527	95	160	0
301.572	95	160	1
301.572	95	12	0
301.674	95	12	1
301.674	95	22	0
301.928	95	22	1
301.928	95	29	0
301.934	95	29	1
301.934	95	11	0
302.361	95	11	1
302.361	95	153	0
302.57	95	153	1
302.57	95	53	0
302.82	95	53	1
302.82	95	5	0
302.895	95	5	1
302.895	95	105	0
303.27	95	105	1
303.27	95	88	0
304.224	95	88	1
304.224	95	17	0
305.59	95	17	1
305.59	95	25	0
305.647	95	25	1
305.647	95	107	0
305.843	95	107	1
305.843	95	14	0
305.929	95	14	1
305.929	95	158	0
306.106	95	158	1
306.106	95	163	0
306.257	95	163	1
306.257	95	148	0
306.55	95	148	1
306.55	95	165	0
306.886	95	165	1
306.886	95	85	0
307.105	95	85	1
307.105	95	54	0
307.764	95	54	1
307.764	95	64	0
308.061	95	64	1
308.061	95	59	0
310.866	95	59	1
310.866	95	122	0
310.911	95	122	1
310.911	95	75	0
311.348	95	75	1
311.348	95	1	0
311.651	95	1	1
311.651	95	133	0
312.876	95	133	1
312.876	95	157	0
313.649	95	157	1
313.649	95	148	0
313.701	95	148	1
313.701	95	88	0
314.051	95	88	1
314.051	95	87	0
314.074	95	87	1
314.074	95	126	0
314.914	95	126	1
314.914	95	104	0
315.144	95	104	1
315.144	95	150	0
316.043	95	150	1
316.043	95	114	0
316.157	95	114	1
316.157	95	12	0
316.257	95	12	1
316.257	95	164	0
316.313	95	164	1
316.313	95	37	0
317.159	95	37	1
317.159	95	66	0
317.258	95	66	1
317.258	95	144	0
317.479	95	144	1
317.479	95	142	0
317.526	95	142	1
317.526	95	118	0
317.738	95	118	1
317.738	95	50	0
318.335	95	50	1
318.335	95	159	0
318.577	95	159	1
318.577	95	91	0
318.636	95	91	1
318.636	95	27	0
319.23	95	27	1
319.23	95	38	0
319.691	95	38	1
319.691	95	29	0
320.292	95	29	1
320.292	95	27	0
320.427	95	27	1
320.427	95	51	0
320.483	95	51	1
320.483	95	117	0
320.676	95	117	1
320.676	95	156	0
320.834	95	156	1
320.834	95	45	0
320.869	95	45	1
320.869	95	120	0
320.941	95	120	1
320.941	95	110	0
321.32	95	110	1
321.32	95	46	0
321.498	95	46	1
321.498	95	4	0
321.757	95	4	1
321.757	95	91	0
322.095	95	91	1
322.095	95	58	0
322.568	95	58	1
322.568	95	146	0
323.518	95	146	1
323.518	95	38	0
323.547	95	38	1
323.547	95	38	0
324.64	95	38	1
324.64	95	31	0
325.271	95	31	1
325.271	95	41	0
325.302	95	41	1
325.302	95	57	0
325.358	95	57	1
325.358	95	132	0
325.421	95	132	1
325.421	95	84	0
325.518	95	84	1
325.518	95	36	0
325.604	95	36	1
325.604	95	128	0
325.931	95	128	1
325.931	95	93	0
326.044	95	93	1
326.044	95	161	0
326.16	95	161	1
326.16	95	70	0
326.495	95	70	1
326.495	95	67	0
326.756	95	67	1
326.756	95	33	0
326.996	95	33	1
326.996	95	22	0
327.103	95	22	1
327.103	95	129	0
327.199	95	129	1
327.199	95	156	0
327.222	95	156	1
327.222	95	19	0
327.501	95	19	1
327.501	95	122	0
327.501	95	122	1
327.501	95	141	0
328.455	95	141	1
328.455	95	137	0
329.255	95	137	1
329.255	95	14	0
329.62	95	14	1
329.62	95	35	0
331.433	95	35	1
331.433	95	65	0
331.791	95	65	1
331.791	95	7	0
331.802	95	7	1
331.802	95	125	0
331.978	95	125	1
331.978	95	159	0
331.989	95	159	1
331.989	95	79	0
332.303	95	79	1
332.303	95	119	0
333.424	95	119	1
333.424	95	17	0
333.539	95	17	1
333.539	95	153	0
334.056	95	153	1
334.056	95	88	0
334.066	95	88	1
334.066	95	42	0
334.952	95	42	1
334.952	95	28	0
334.956	95	28	1
334.956	95	13	0
335.415	95	13	1
335.415	95	152	0
335.467	95	152	1
335.467	95	146	0
335.603	95	146	1
335.603	95	118	0
335.624	95	118	1
335.624	95	47	0
335.715	95	47	1
335.715	95	165	0
335.853	95	165	1
335.853	95	33	0
335.928	95	33	1
335.928	95	164	0
336.281	95	164	1
336.281	95	71	0
336.635	95	71	1
336.635	95	131	0
336.924	95	131	1
336.924	95	106	0
337.288	95	106	1
337.288	95	43	0
337.601	95	43	1
337.601	95	154	0
337.67	95	154	1
337.67	95	156	0
338.115	95	156	1
338.115	95	29	0
340.222	95	29	1
340.222	95	69	0
340.815	95	69	1
340.815	95	43	0
340.896	95	43	1
340.896	95	157	0
340.911	95	157	1
340.911	95	34	0
341.201	95	34	1
341.201	95	2	0
341.555	95	2	1
341.555	95	70	0
341.72	95	70	1
341.72	95	5	0
341.721	95	5	1
341.721	95	86	0
341.764	95	86	1
341.764	95	154	0
341.786	95	154	1
341.786	95	116	0
342.005	95	116	1
342.005	95	156	0
342.164	95	156	1
342.164	95	26	0
342.19	95	26	1
342.19	95	90	0
342.327	95	90	1
342.327	95	58	0
342.626	95	58	1
342.626	95	99	0
342.855	95	99	1
342.855	95	109	0
343.355	95	109	1
343.355	95	107	0
343.792	95	107	1
343.792	95	98	0
344.136	95	98	1
344.136	95	80	0
344.166	95	80	1
344.166	95	108	0
344.197	95	108	1
344.197	95	1	0
344.51	95	1	1
344.51	95	63	0
344.643	95	63	1
344.643	95	47	0
344.712	95	47	1
344.712	95	78	0
344.756	95	78	1
344.756	95	18	0
344.806	95	18	1
344.806	95	76	0
345.115	95	76	1
345.115	95	18	0
345.242	95	18	1
345.242	95	38	0
345.592	95	38	1
345.592	95	9	0
345.777	95	9	1
345.777	95	77	0
345.929	95	77	1
345.929	95	76	0
346.266	95	76	1
346.266	95	31	0
346.433	95	31	1
346.433	95	105	0
346.47	95	105	1
346.47	95	83	0
346.614	95	83	1
346.614	95	159	0
346.639	95	159	1
346.639	95	99	0
346.862	95	99	1
346.862	95	145	0
347.239	95	145	1
347.239	95	27	0
347.448	95	27	1
347.448	95	122	0
347.484	95	122	1
347.484	95	82	0
347.485	95	82	1
347.485	95	17	0
347.593	95	17	1
347.593	95	147	0
347.914	95	147	1
347.914	95	163	0
348.414	95	163	1
348.414	95	96	0
348.708	95	96	1
348.708	95	53	0
349.265	95	53	1
349.265	95	164	0
349.387	95	164	1
349.387	95	68	0
349.444	95	68	1
349.444	95	91	0
350.061	95	91	1
350.061	95	117	0
350.126	95	117	1
350.126	95	49	0
350.439	95	49	1
350.439	95	61	0
350.507	95	61	1
350.507	95	96	0
350.788	95	96	1
350.788	95	43	0
351.023	95	43	1
351.023	95	5	0
351.366	95	5	1
351.366	95	2	0
351.524	95	2	1
351.524	95	74	0
351.906	95	74	1
351.906	95	57	0
351.931	95	57	1
351.931	95	101	0
351.989	95	101	1
351.989	95	85	0
352.278	95	85	1
352.278	95	37	0
352.376	95	37	1
352.376	95	54	0
353.215	95	54	1
353.215	95	29	0
353.319	95	29	1
353.319	95	87	0
353.419	95	87	1
353.419	95	29	0
353.629	95	29	1
353.629	95	153	0
353.67	95	153	1
353.67	95	105	0
353.674	95	105	1
353.674	95	94	0
353.722	95	94	1
353.722	95	108	0
353.802	95	108	1
353.802	95	137	0
353.853	95	137	1
353.853	95	107	0
353.873	95	107	1
353.873	95	70	0
354.049	95	70	1
354.049	95	14	0
354.601	95	14	1
354.601	95	115	0
354.753	95	115	1
354.753	95	15	0
354.826	95	15	1
354.826	95	110	0
354.874	95	110	1
354.874	95	132	0
354.924	95	132	1
354.924	95	73	0
355.336	95	73	1
355.336	95	62	0
355.884	95	62	1
355.884	95	108	0
356.085	95	108	1
356.085	95	43	0
356.314	95	43	1
356.314	95	153	0
356.443	95	153	1
356.443	95	66	0
356.954	95	66	1
356.954	95	151	0
357.152	95	151	1
357.152	95	161	0
357.32	95	161	1
357.32	95	103	0
357.489	95	103	1
357.489	95	97	0
357.805	95	97	1
357.805	95	131	0
358.349	95	131	1
358.349	95	21	0
358.651	95	21	1
358.651	95	71	0
359.153	95	71	1
359.153	95	77	0
359.415	95	77	1
359.415	95	58	0
359.443	95	58	1
359.443	95	19	0
359.755	95	19	1
359.755	95	75	0
360.095	94	75	1
360.095	94	51	0
360.181	94	51	1
360.181	94	76	0
360.586	94	76	1
360.586	94	11	0
360.84	94	11	1
360.84	94	86	0
361.073	94	86	1
361.073	94	66	0
361.356	94	66	1
361.356	94	155	0
361.867	94	155	1
361.867	94	50	0
362.02	94	50	1
362.02	94	87	0
362.132	94	87	1
362.132	94	147	0
362.266	94	147	1
362.266	94	42	0
362.367	94	42	1
362.367	94	21	0
362.412	94	21	1
362.412	94	5	0
362.521	94	5	1
362.521	94	77	0
362.936	94	77	1
362.936	94	149	0
363.504	94	149	1
363.504	94	50	0
364.01	94	50	1
364.01	94	89	0
364.571	94	89	1
364.571	94	113	0
364.946	94	113	1
364.946	94	139	0
365.536	94	139	1
365.536	94	116	0
365.972	94	116	1
365.972	94	35	0
366.043	94	35	1
366.043	94	50	0
366.044	94	50	1
366.044	94	76	0
366.658	94	76	1
366.658	94	107	0
366.753	94	107	1
366.753	94	27	0
366.783	94	27	1
366.783	94	102	0
366.884	94	102	1
366.884	94	41	0
367.208	94	41	1
367.208	94	9	0
367.273	94	9	1
367.273	94	13	0
367.392	94	13	1
367.392	94	143	0
368.018	94	143	1
368.018	94	80	0
368.124	94	80	1
368.124	94	101	0
368.189	94	101	1
368.189	94	86	0
368.238	94	86	1
368.238	94	49	0
368.327	94	49	1
368.327	94	85	0
368.492	94	85	1
368.492	94	135	0
368.692	94	135	1
368.692	94	131	0
368.981	94	131	1
368.981	94	19	0
369.148	94	19	1
369.148	94	79	0
369.2	94	79	1
369.2	94	68	0
370.01	94	68	1
370.01	94	109	0
370.214	94	109	1
370.214	94	54	0
370.521	94	54	1
370.521	94	112	0
371.788	94	112	1
371.788	94	91	0
372.75	94	91	1
372.75	94	126	0
372.835	94	126	1
372.835	94	117	0
372.887	94	117	1
372.887	94	6	0
372.966	94	6	1
372.966	94	57	0
373.044	94	57	1
373.044	94	85	0
373.15	94	85	1
373.15	94	10	0
373.274	94	10	1
373.274	94	5	0
373.782	94	5	1
373.782	94	138	0
374.268	94	138	1
374.268	94	147	0
374.479	94	147	1
374.479	94	66	0
375.073	94	66	1
375.073	94	19	0
375.102	94	19	1
375.102	94	120	0
375.377	94	120	1
375.377	94	139	0
375.422	94	139	1
375.422	94	96	0
375.989	94	96	1
375.989	94	5	0
376.772	94	5	1
376.772	94	108	0
376.849	94	108	1
376.849	94	72	0
377.219	94	72	1
377.219	94	138	0
377.697	94	138	1
377.697	94	126	0
377.713	94	126	1
377.713	94	160	0
378.718	94	160	1
378.718	94	80	0
378.806	94	80	1
378.806	94	145	0
378.814	94	145	1
378.814	94	148	0
379.48	94	148	1
379.48	94	155	0
379.529	94	155	1
379.529	94	157	0
379.774	94	157	1
379.774	94	152	0
380.41	94	152	1
380.41	94	87	0
380.656	94	87	1
380.656	94	23	0
380.681	94	23	1
380.681	94	76	0
380.903	94	76	1
380.903	94	133	0
381.097	94	133	1
381.097	94	161	0
381.159	94	161	1
381.159	94	31	0
382.178	94	31	1
382.178	94	32	0
382.266	94	32	1
382.266	94	46	0
382.659	94	46	1
382.659	94	17	0
384.437	94	17	1
384.437	94	62	0
385.029	94	62	1
385.029	94	8	0
385.489	94	8	1
385.489	94	33	0
386.608	94	33	1
386.608	94	84	0
387.198	94	84	1
387.198	94	35	0
387.331	94	35	1
387.331	94	10	0
387.467	94	10	1
387.467	94	130	0
387.495	94	130	1
387.495	94	91	0
387.572	94	91	1
387.572	94	90	0
387.949	94	90	1
387.949	94	84	0
388.04	94	84	1
388.04	94	144	0
388.354	94	144	1
388.354	94	164	0
388.44	94	164	1
388.44	94	120	0
389.056	94	120	1
389.056	94	80	0
389.954	94	80	1
389.954	94	100	0
389.984	94	100	1
389.984	94	146	0
390.828	94	146	1
390.828	94	83	0
390.906	94	83	1
390.906	94	51	0
391.198	94	51	1
391.198	94	133	0
391.313	94	133	1
391.313	94	38	0
391.51	94	38	1
391.51	94	60	0
392.232	94	60	1
392.232	94	158	0
393.619	94	158	1
393.619	94	100	0
393.686	94	100	1
393.686	94	93	0
393.824	94	93	1
393.824	94	106	0
393.945	94	106	1
393.946	94	111	0
394.039	94	111	1
394.039	94	98	0
394.08	94	98	1
394.08	94	1	0
394.153	94	1	1
394.153	94	127	0
394.296	94	127	1
394.296	94	5	0
394.789	94	5	1
394.789	94	71	0
394.983	94	71	1
394.983	94	88	0
395.059	94	88	1
395.059	94	152	0
395.098	94	152	1
395.098	94	28	0
395.552	94	28	1
395.552	94	135	0
395.642	94	135	1
395.642	94	135	0
396.79	94	135	1
396.79	94	64	0
398.485	94	64	1
398.485	94	112	0
398.557	94	112	1
398.557	94	46	0
398.812	94	46	1
398.812	94	52	0
399.555	94	52	1
399.555	94	40	0
399.728	94	40	1
399.728	94	74	0
399.794	94	74	1
399.794	94	46	0
400.514	94	46	1
400.514	94	64	0
400.699	94	64	1
400.699	94	68	0
400.832	94	68	1
400.832	94	27	0
400.846	94	27	1
400.846	94	116	0
400.994	94	116	1
400.994	94	158	0
401.03	94	158	1
401.03	94	50	0
401.133	94	50	1
401.133	94	133	0
401.205	94	133	1
401.205	94	60	0
401.338	94	60	1
401.338	94	128	0
401.641	94	128	1
401.641	94	108	0
402.884	94	108	1
402.884	94	30	0
403.148	94	30	1
403.148	94	94	0
403.669	94	94	1
403.669	94	16	0
403.934	94	16	1
403.934	94	65	0
403.966	94	65	1
403.966	94	54	0
404.36	94	54	1
404.36	94	134	0
404.792	94	134	1
404.792	94	148	0
405.306	94	148	1
405.306	94	81	0
405.356	94	81	1
405.356	94	99	0
405.532	94	99	1
405.532	94	135	0
405.713	94	135	1
405.713	94	31	0
405.922	94	31	1
405.922	94	93	0
406.024	94	93	1
406.024	94	102	0
406.897	94	102	1
406.897	94	146	0
408.251	94	146	1
408.251	94	147	0
409.097	94	147	1
409.097	94	147	0
409.291	94	147	1
409.291	94	84	0
409.417	94	84	1
409.417	94	114	0
409.515	94	114	1
409.515	94	20	0
409.517	94	20	1
409.517	94	24	0
410.285	94	24	1
410.285	94	106	0
410.285	94	106	1
410.285	94	60	0
410.291	94	60	1
410.291	94	105	0
410.463	94	105	1
410.463	94	53	0
410.754	94	53	1
410.754	94	143	0
410.84	94	143	1
410.84	94	69	0
411.171	94	69	1
411.171	94	69	0
411.421	94	69	1
411.421	94	70	0
411.548	94	70	1
411.548	94	5	0
411.597	94	5	1
411.597	94	40	0
411.622	94	40	1
411.622	94	102	0
411.704	94	102	1
411.704	94	84	0
411.898	94	84	1
411.898	94	63	0
412.149	94	63	1
412.149	94	13	0
412.205	94	13	1
412.205	94	3	0
412.306	94	3	1
412.306	94	28	0
412.463	94	28	1
412.463	94	139	0
412.468	94	139	1
412.468	94	43	0
412.809	94	43	1
412.809	94	155	0
412.915	94	155	1
412.915	94	57	0
414.058	94	57	1
414.058	94	95	0
414.38	94	95	1
414.38	94	25	0
415.048	94	25	1
415.048	94	40	0
415.672	94	40	1
415.672	94	57	0
416.676	94	57	1
416.676	94	13	0
416.763	94	13	1
416.763	94	50	0
417.044	94	50	1
417.044	94	141	0
417.159	94	141	1
417.159	94	82	0
417.468	94	82	1
417.468	94	113	0
417.582	94	113	1
417.582	94	93	0
417.824	94	93	1
417.824	94	81	0
418.217	94	81	1
418.217	94	161	0
418.448	94	161	1
418.448	94	14	0
418.91	94	14	1
418.91	94	42	0
418.916	94	42	1
418.916	94	131	0
418.972	94	131	1
418.972	94	54	0
419.429	94	54	1
419.429	94	44	0
420.243	93	44	1
420.243	93	51	0
420.629	93	51	1
420.629	93	98	0
420.697	93	98	1
420.697	93	20	0
420.911	93	20	1
420.911	93	118	0
421.694	93	118	1
421.694	93	67	0
421.802	93	67	1
421.802	93	67	0
422.002	93	67	1
422.002	93	80	0
422.018	93	80	1
422.018	93	21	0
422.066	93	21	1
422.066	93	34	0
422.61	93	34	1
422.61	93	40	0
422.695	93	40	1
422.695	93	15	0
422.719	93	15	1
422.719	93	36	0
424.105	93	36	1
424.105	93	5	0
424.111	93	5	1
424.111	93	22	0
424.284	93	22	1
424.284	93	121	0
424.525	93	121	1
424.525	93	10	0
424.654	93	10	1
424.654	93	42	0
424.942	93	42	1
424.942	93	91	0
425.331	93	91	1
425.331	93	30	0
426.427	93	30	1
426.427	93	148	0
426.587	93	148	1
426.587	93	155	0
426.829	93	155	1
426.829	93	122	0
427.396	93	122	1
427.396	93	37	0
427.472	93	37	1
427.472	93	89	0
427.584	93	89	1
427.584	93	51	0
427.882	93	51	1
427.882	93	123	0
428.208	93	123	1
428.208	93	71	0
428.426	93	71	1
428.426	93	28	0
428.426	93	28	1
428.426	93	147	0
428.436	93	147	1
428.436	93	152	0
428.667	93	152	1
428.667	93	131	0
428.972	93	131	1
428.972	93	86	0
430.035	93	86	1
430.035	93	68	0
430.049	93	68	1
430.049	93	7	0
430.087	93	7	1
430.087	93	37	0
430.289	93	37	1
430.289	93	79	0
430.654	93	79	1
430.654	93	95	0
430.762	93	95	1
430.762	93	35	0
431.449	93	35	1
431.449	93	6	0
431.473	93	6	1
431.473	93	10	0
431.533	93	10	1
431.533	93	31	0
431.915	93	31	1
431.915	93	8	0
431.971	93	8	1
431.971	93	32	0
432.094	93	32	1
432.094	93	131	0
432.306	93	131	1
432.306	93	12	0
432.345	93	12	1
432.345	93	160	0
432.371	93	160	1
432.371	93	52	0
432.648	93	52	1
432.648	93	35	0
432.879	93	35	1
432.879	93	120	0
433.139	93	120	1
433.139	93	65	0
433.811	93	65	1
433.811	93	14	0
433.962	93	14	1
433.962	93	119	0
434.337	93	119	1
434.337	93	142	0
434.436	93	142	1
434.436	93	101	0
435.31	93	101	1
435.31	93	105	0
435.797	93	105	1
435.797	93	108	0
436.053	93	108	1
436.053	93	88	0
436.369	93	88	1
436.369	93	64	0
436.98	93	64	1
436.98	93	97	0
437.91	93	97	1
437.91	93	13	0
438.036	93	13	1
438.036	93	116	0
438.346	93	116	1
438.346	93	162	0
439.083	93	162	1
439.083	93	78	0
439.224	93	78	1
439.224	93	165	0
439.309	93	165	1
439.309	93	121	0
439.466	93	121	1
439.466	93	31	0
439.775	93	31	1
439.775	93	79	0
440.467	93	79	1
440.467	93	155	0
441.169	93	155	1
441.169	93	132	0
441.296	93	132	1
441.297	93	71	0
441.596	93	71	1
441.596	93	68	0
441.598	93	68	1
441.598	93	38	0
441.643	93	38	1
441.643	93	135	0
441.697	93	135	1
441.697	93	109	0
441.895	93	109	1
441.895	93	41	0
441.934	93	41	1
441.934	93	26	0
442.689	93	26	1
442.689	93	21	0
442.888	93	21	1
442.888	93	73	0
442.896	93	73	1
442.896	93	73	0
442.897	93	73	1
442.897	93	32	0
442.989	93	32	1
442.989	93	42	0
443.028	93	42	1
443.028	93	33	0
443.312	93	33	1
443.312	93	57	0
443.32	93	57	1
443.32	93	94	0
443.849	93	94	1
443.849	93	116	0
444.178	93	116	1
444.178	93	142	0
445.129	93	142	1
445.129	93	31	0
445.386	93	31	1
445.386	93	154	0
445.849	93	154	1
445.849	93	46	0
446.155	93	46	1
446.155	93	156	0
446.744	93	156	1
446.744	93	153	0
446.75	93	153	1
446.75	93	93	0
447.188	93	93	1
447.188	93	61	0
447.265	93	61	1
447.265	93	25	0
447.567	93	25	1
447.567	93	99	0
447.673	93	99	1
447.673	93	28	0
448.214	93	28	1
448.214	93	158	0
448.336	93	158	1
448.336	93	5	0
449.035	93	5	1
449.035	93	71	0
449.184	93	71	1
449.184	93	145	0
449.257	93	145	1
449.257	93	33	0
449.355	93	33	1
449.355	93	63	0
449.511	93	63	1
449.511	93	157	0
449.52	93	157	1
449.52	93	18	0
450.246	93	18	1
450.246	93	26	0
450.248	93	26	1
450.248	93	114	0
450.38	93	114	1
450.38	93	80	0
450.748	93	80	1
450.748	93	80	0
451.367	93	80	1
451.367	93	29	0
451.533	93	29	1
451.533	93	129	0
451.69	93	129	1
451.69	93	121	0
452.006	93	121	1
452.006	93	54	0
452.04	93	54	1
452.04	93	149	0
452.398	93	149	1
452.398	93	55	0
452.441	93	55	1
452.441	93	119	0
452.505	93	119	1
452.505	93	64	0
452.776	93	64	1
452.776	93	143	0
453.552	93	143	1
453.552	93	35	0
453.69	93	35	1
453.69	93	111	0
454.804	93	111	1
454.804	93	83	0
454.806	93	83	1
454.806	93	142	0
454.945	93	142	1
454.945	93	155	0
454.971	93	155	1
454.971	93	161	0
455.03	93	161	1
455.03	93	153	0
455.57	93	153	1
455.57	93	144	0
456.224	93	144	1
456.224	93	37	0
456.58	93	37	1
456.58	93	37	0
456.594	93	37	1
456.594	93	144	0
456.691	93	144	1
456.691	93	14	0
456.755	93	14	1
456.755	93	110	0
456.767	93	110	1
456.767	93	92	0
457.332	93	92	1
457.332	93	90	0
457.351	93	90	1
457.351	93	132	0
458.689	93	132	1
458.69	93	71	0
458.832	93	71	1
458.832	93	151	0
458.843	93	151	1
458.843	93	139	0
459.084	93	139	1
459.084	93	117	0
459.424	93	117	1
459.424	93	22	0
459.442	93	22	1
459.442	93	70	0
459.897	93	70	1
459.897	93	0	0
459.974	93	0	1
459.974	93	116	0
460.529	93	116	1
460.529	93	17	0
461.047	93	17	1
461.047	93	36	0
461.273	93	36	1
461.273	93	42	0
461.285	93	42	1
461.285	93	48	0
461.414	93	48	1
461.414	93	91	0
461.689	93	91	1
461.689	93	51	0
461.706	93	51	1
461.706	93	85	0
462.139	93	85	1
462.139	93	83	0
462.181	93	83	1
462.181	93	44	0
462.735	93	44	1
462.735	93	163	0
462.871	93	163	1
462.871	93	76	0
463.228	93	76	1
463.228	93	127	0
463.248	93	127	1
463.248	93	117	0
464.47	93	117	1
464.47	93	155	0
464.696	93	155	1
464.696	93	37	0
464.845	93	37	1
464.845	93	106	0
465.379	93	106	1
465.379	93	6	0
466.113	93	6	1
466.113	93	40	0
466.238	93	40	1
466.238	93	143	0
467.248	93	143	1
467.248	93	18	0
467.552	93	18	1
467.552	93	164	0
467.998	93	164	1
467.998	93	129	0
468.346	93	129	1
468.346	93	30	0
468.661	93	30	1
468.662	93	141	0
469.058	93	141	1
469.058	93	129	0
469.109	93	129	1
469.109	93	66	0
469.33	93	66	1
469.33	93	102	0
469.83	93	102	1
469.83	93	87	0
469.929	93	87	1
469.929	93	42	0
470.623	93	42	1
470.623	93	112	0
471.084	93	112	1
471.084	93	58	0
471.522	93	58	1
471.522	93	119	0
471.544	93	119	1
471.544	93	145	0
471.762	93	145	1
471.762	93	48	0
472.323	93	48	1
472.323	93	156	0
473.459	93	156	1
473.459	93	139	0
473.682	93	139	1
473.682	93	29	0
473.82	93	29	1
473.82	93	115	0
473.846	93	115	1
473.846	93	138	0
473.942	93	138	1
473.942	93	76	0
476.152	93	76	1
476.152	93	76	0
476.593	93	76	1
476.593	93	109	0
476.75	93	109	1
476.75	93	30	0
476.879	93	30	1
476.879	93	133	0
477.304	93	133	1
477.304	93	15	0
477.361	93	15	1
477.361	93	33	0
477.474	93	33	1
477.474	93	141	0
477.576	93	141	1
477.576	93	92	0
477.636	93	92	1
477.636	93	100	0
478.377	93	100	1
478.377	93	28	0
478.783	93	28	1
478.783	93	137	0
479.416	93	137	1
479.416	93	6	0
479.483	93	6	1
479.483	93	14	0
480.046	92	14	1
480.046	92	53	0
480.411	92	53	1
480.411	92	69	0
480.952	92	69	1
480.952	92	72	0
480.972	92	72	1
480.972	92	151	0
481.288	92	151	1
481.288	92	141	0
481.336	92	141	1
481.336	92	69	0
481.426	92	69	1
481.426	92	73	0
482.447	92	73	1
482.447	92	127	0
483.122	92	127	1
483.122	92	54	0
483.955	92	54	1
483.955	92	17	0
484.064	92	17	1
484.064	92	9	0
484.572	92	9	1
484.572	92	19	0
484.581	92	19	1
484.581	92	112	0
485.081	92	112	1
485.081	92	62	0
485.419	92	62	1
485.419	92	37	0
485.58	92	37	1
485.58	92	99	0
485.798	92	99	1
485.798	92	57	0
485.969	92	57	1
485.969	92	125	0
486.108	92	125	1
486.108	92	71	0
487.512	92	71	1
487.512	92	20	0
487.677	92	20	1
487.677	92	51	0
488.175	92	51	1
488.175	92	144	0
488.229	92	144	1
488.229	92	161	0
488.703	92	161	1
488.703	92	9	0
488.963	92	9	1
488.963	92	150	0
489.281	92	150	1
489.281	92	112	0
490.152	92	112	1
490.152	92	163	0
490.719	92	163	1
490.719	92	61	0
490.929	92	61	1
490.929	92	68	0
490.958	92	68	1
490.958	92	162	0
491.863	92	162	1
491.863	92	36	0
492.294	92	36	1
492.294	92	133	0
492.548	92	133	1
492.548	92	53	0
492.626	92	53	1
492.626	92	164	0
492.98	92	164	1
492.98	92	128	0
493.099	92	128	1
493.099	92	65	0
493.173	92	65	1
493.173	92	103	0
493.439	92	103	1
493.439	92	103	0
494.132	92	103	1
494.132	92	153	0
494.608	92	153	1
494.608	92	159	0
494.841	92	159	1
494.841	92	12	0
494.977	92	12	1
494.977	92	113	0
495.007	92	113	1
495.007	92	137	0
495.09	92	137	1
495.09	92	59	0
495.59	92	59	1
495.59	92	11	0
495.838	92	11	1
495.838	92	48	0
495.979	92	48	1
495.979	92	79	0
496.986	92	79	1
496.986	92	115	0
497.059	92	115	1
497.059	92	159	0
497.445	92	159	1
497.445	92	135	0
497.506	92	135	1
497.506	92	134	0
497.721	92	134	1
497.721	92	75	0
497.953	92	75	1
497.953	92	60	0
498.086	92	60	1
498.086	92	163	0
498.187	92	163	1
498.187	92	125	0
498.216	92	125	1
498.216	92	156	0
498.941	92	156	1
498.941	92	62	0
499.067	92	62	1
499.067	92	72	0
499.427	92	72	1
499.427	92	73	0
499.563	92	73	1
499.563	92	5	0
499.636	92	5	1
499.636	92	39	0
499.737	92	39	1
499.737	92	39	0
500.471	92	39	1
500.471	92	49	0
500.648	92	49	1
500.648	92	10	0
501.142	92	10	1
501.142	92	9	0
501.891	92	9	1
501.891	92	91	0
501.917	92	91	1
501.917	92	98	0
502.057	92	98	1
502.057	92	72	0
502.556	92	72	1
502.556	92	54	0
503.291	92	54	1
503.291	92	82	0
504.733	92	82	1
504.733	92	122	0
505.048	92	122	1
505.048	92	104	0
505.613	92	104	1
505.613	92	115	0
506.174	92	115	1
506.174	92	67	0
506.209	92	67	1
506.209	92	34	0
506.644	92	34	1
506.644	92	87	0
506.723	92	87	1
506.723	92	67	0
506.851	92	67	1
506.851	92	2	0
506.935	92	2	1
506.935	92	144	0
507.257	92	144	1
507.257	92	92	0
507.372	92	92	1
507.372	92	40	0
507.568	92	40	1
507.568	92	118	0
507.653	92	118	1
507.653	92	154	0
507.779	92	154	1
507.779	92	70	0
508.101	92	70	1
508.101	92	30	0
508.218	92	30	1
508.218	92	74	0
508.759	92	74	1
508.759	92	113	0
508.931	92	113	1
508.931	92	36	0
508.969	92	36	1
508.969	92	27	0
509.275	92	27	1
509.275	92	75	0
509.457	92	75	1
509.457	92	132	0
509.692	92	132	1
509.693	92	10	0
510.313	92	10	1
510.313	92	25	0
510.325	92	25	1
510.325	92	105	0
510.385	92	105	1
510.385	92	102	0
510.671	92	102	1
510.671	92	90	0
510.763	92	90	1
510.763	92	75	0
511.031	92	75	1
511.031	92	59	0
511.25	92	59	1
511.25	92	8	0
511.548	92	8	1
511.548	92	38	0
511.549	92	38	1
511.549	92	62	0
512.494	92	62	1
512.494	92	49	0
512.752	92	49	1
512.752	92	52	0
513.673	92	52	1
513.673	92	49	0
513.88	92	49	1
513.88	92	112	0
513.991	92	112	1
513.991	92	33	0
514.234	92	33	1
514.234	92	90	0
514.525	92	90	1
514.525	92	12	0
514.635	92	12	1
514.635	92	102	0
514.657	92	102	1
514.657	92	16	0
514.758	92	16	1
514.758	92	139	0
515.66	92	139	1
515.66	92	87	0
515.831	92	87	1
515.831	92	158	0
515.897	92	158	1
515.897	92	36	0
515.99	92	36	1
515.99	92	90	0
516.192	92	90	1
516.192	92	113	0
516.989	92	113	1
516.989	92	15	0
516.994	92	15	1
516.994	92	128	0
517.031	92	128	1
517.031	92	19	0
517.037	92	19	1
517.037	92	137	0
517.121	92	137	1
517.121	92	42	0
517.797	92	42	1
517.797	92	115	0
518.341	92	115	1
518.341	92	157	0
519.111	92	157	1
519.111	92	59	0
519.133	92	59	1
519.133	92	77	0
519.597	92	77	1
519.597	92	122	0
519.637	92	122	1
519.637	92	145	0
519.883	92	145	1
519.883	92	117	0
519.996	92	117	1
519.996	92	151	0
520.351	92	151	1
520.351	92	37	0
520.5	92	37	1
520.5	92	146	0
520.71	92	146	1
520.71	92	45	0
520.901	92	45	1
520.901	92	90	0
521.241	92	90	1
521.241	92	100	0
521.57	92	100	1
521.57	92	61	0
522.023	92	61	1
522.023	92	60	0
522.132	92	60	1
522.132	92	11	0
522.516	92	11	1
522.516	92	113	0
523.13	92	113	1
523.13	92	123	0
523.187	92	123	1
523.187	92	53	0
523.427	92	53	1
523.427	92	27	0
523.743	92	27	1
523.743	92	146	0
523.942	92	146	1
523.942	92	87	0
524.718	92	87	1
524.718	92	96	0
524.964	92	96	1
524.964	92	146	0
524.991	92	146	1
524.991	92	8	0
525.087	92	8	1
525.087	92	25	0
525.359	92	25	1
525.359	92	35	0
525.488	92	35	1
525.488	92	49	0
525.656	92	49	1
525.656	92	131	0
525.733	92	131	1
525.733	92	143	0
525.993	92	143	1
525.993	92	70	0
526.296	92	70	1
526.296	92	36	0
527.103	92	36	1
527.103	92	133	0
527.427	92	133	1
527.427	92	137	0
527.571	92	137	1
527.571	92	46	0
527.648	92	46	1
527.648	92	37	0
527.899	92	37	1
527.899	92	106	0
528.563	92	106	1
528.564	92	134	0
530.702	92	134	1
530.702	92	97	0
530.97	92	97	1
530.97	92	119	0
531.007	92	119	1
531.007	92	13	0
531.075	92	13	1
531.075	92	115	0
531.742	92	115	1
531.742	92	77	0
531.942	92	77	1
531.942	92	150	0
532.423	92	150	1
532.423	92	66	0
532.969	92	66	1
532.969	92	40	0
533.089	92	40	1
533.089	92	98	0
533.445	92	98	1
533.445	92	104	0
533.449	92	104	1
533.449	92	25	0
533.578	92	25	1
533.578	92	51	0
533.612	92	51	1
533.612	92	4	0
533.819	92	4	1
533.819	92	61	0
534.285	92	61	1
534.285	92	157	0
534.467	92	157	1
534.468	92	91	0
534.757	92	91	1
534.757	92	159	0
535.191	92	159	1
535.191	92	127	0
535.388	92	127	1
535.388	92	46	0
535.431	92	46	1
535.431	92	144	0
535.504	92	144	1
535.504	92	10	0
535.546	92	10	1
535.546	92	145	0
535.793	92	145	1
535.793	92	140	0
535.865	92	140	1
535.865	92	7	0
536.102	92	7	1
536.102	92	26	0
536.148	92	26	1
536.148	92	165	0
536.168	92	165	1
536.168	92	15	0
536.394	92	15	1
536.394	92	34	0
536.42	92	34	1
536.42	92	135	0
536.458	92	135	1
536.458	92	115	0
536.48	92	115	1
536.48	92	62	0
536.622	92	62	1
536.622	92	163	0
536.644	92	163	1
536.644	92	66	0
537.025	92	66	1
537.025	92	116	0
537.075	92	116	1
537.075	92	62	0
537.159	92	62	1
537.159	92	101	0
537.385	92	101	1
537.385	92	81	0
537.545	92	81	1
537.545	92	57	0
537.815	92	57	1
537.815	92	121	0
537.906	92	121	1
537.906	92	42	0
538.117	92	42	1
538.117	92	91	0
538.161	92	91	1
538.161	92	95	0
538.504	92	95	1
538.505	92	56	0
538.898	92	56	1
538.898	92	147	0
539.004	92	147	1
539.004	92	79	0
539.69	92	79	1
539.69	92	96	0
539.697	92	96	1
539.697	92	50	0
539.981	92	50	1
539.981	92	83	0
540.171	91	83	1
540.171	91	141	0
540.572	91	141	1
540.572	91	43	0
540.583	91	43	1
540.583	91	156	0
540.747	91	156	1
540.747	91	118	0
540.928	91	118	1
540.928	91	1	0
541.127	91	1	1
541.127	91	100	0
541.183	91	100	1
541.183	91	160	0
541.389	91	160	1
541.389	91	132	0
541.72	91	132	1
541.721	91	132	0
542.303	91	132	1
542.303	91	100	0
542.526	91	100	1
542.526	91	63	0
543.051	91	63	1
543.051	91	68	0
543.175	91	68	1
543.175	91	145	0
543.428	91	145	1
543.428	91	4	0
543.947	91	4	1
543.947	91	58	0
543.997	91	58	1
543.997	91	78	0
544.351	91	78	1
544.351	91	14	0
544.415	91	14	1
544.415	91	70	0
544.525	91	70	1
544.525	91	114	0
544.649	91	114	1
544.649	91	148	0
544.666	91	148	1
544.666	91	140	0
544.688	91	140	1
544.688	91	4	0
545.027	91	4	1
545.027	91	3	0
545.368	91	3	1
545.368	91	83	0
546.255	91	83	1
546.255	91	154	0
548.096	91	154	1
548.096	91	115	0
548.1	91	115	1
548.1	91	62	0
548.66	91	62	1
548.66	91	159	0
548.938	91	159	1
548.938	91	1	0
549.067	91	1	1
549.067	91	71	0
549.312	91	71	1
549.312	91	77	0
549.484	91	77	1
549.484	91	64	0
550.323	91	64	1
550.323	91	57	0
550.592	91	57	1
550.592	91	87	0
550.839	91	87	1
550.839	91	67	0
550.912	91	67	1
550.912	91	162	0
550.964	91	162	1
550.964	91	4	0
551.217	91	4	1
551.217	91	126	0
552.034	91	126	1
552.034	91	104	0
552.056	91	104	1
552.056	91	6	0
552.141	91	6	1
552.141	91	95	0
552.146	91	95	1
552.146	91	0	0
552.407	91	0	1
552.407	91	24	0
552.643	91	24	1
552.643	91	68	0
552.65	91	68	1
552.65	91	127	0
553.153	91	127	1
553.153	91	124	0
553.181	91	124	1
553.181	91	72	0
553.717	91	72	1
553.717	91	150	0
554.017	91	150	1
554.017	91	23	0
554.026	91	23	1
554.026	91	30	0
554.32	91	30	1
554.32	91	123	0
554.35	91	123	1
554.35	91	43	0
554.496	91	43	1
554.496	91	120	0
554.84	91	120	1
554.84	91	129	0
554.875	91	129	1
554.875	91	113	0
555.212	91	113	1
555.212	91	5	0
555.546	91	5	1
555.546	91	68	0
555.935	91	68	1
555.935	91	139	0
555.979	91	139	1
555.979	91	65	0
556.001	91	65	1
556.001	91	153	0
556.353	91	153	1
556.353	91	82	0
556.881	91	82	1
556.881	91	74	0
556.941	91	74	1
556.941	91	84	0
557.507	91	84	1
557.507	91	63	0
557.606	91	63	1
557.606	91	43	0
558.042	91	43	1
558.042	91	44	0
558.177	91	44	1
558.177	91	120	0
558.352	91	120	1
558.352	91	65	0
558.462	91	65	1
558.462	91	39	0
558.607	91	39	1
558.607	91	119	0
558.778	91	119	1
558.778	91	152	0
558.963	91	152	1
558.963	91	143	0
559.011	91	143	1
559.011	91	30	0
559.516	91	30	1
559.516	91	162	0
560.108	91	162	1
560.108	91	19	0
560.381	91	19	1
560.381	91	115	0
560.497	91	115	1
560.497	91	44	0
560.514	91	44	1
560.514	91	19	0
561.101	91	19	1
561.101	91	77	0
561.262	91	77	1
561.262	91	119	0
561.467	91	119	1
561.467	91	51	0
561.727	91	51	1
561.727	91	0	0
561.86	91	0	1
561.86	91	50	0
562.075	91	50	1
562.075	91	33	0
562.526	91	33	1
562.526	91	22	0
562.526	91	22	1
562.526	91	68	0
562.529	91	68	1
562.529	91	156	0
563.822	91	156	1
563.822	91	67	0
563.881	91	67	1
563.881	91	162	0
565.292	91	162	1
565.292	91	55	0
566.321	91	55	1
566.321	91	16	0
567.134	91	16	1
567.134	91	8	0
567.56	91	8	1
567.56	91	120	0
568.915	91	120	1
568.915	91	7	0
569.007	91	7	1
569.007	91	47	0
569.083	91	47	1
569.083	91	138	0
569.515	91	138	1
569.515	91	50	0
569.791	91	50	1
569.791	91	147	0
570.33	91	147	1
570.33	91	62	0
570.96	91	62	1
570.96	91	40	0
570.982	91	40	1
570.982	91	32	0
571.602	91	32	1
571.602	91	19	0
572.687	91	19	1
572.687	91	63	0
572.948	91	63	1
572.948	91	161	0
573.472	91	161	1
573.472	91	64	0
573.84	91	64	1
573.84	91	33	0
574.227	91	33	1
574.227	91	33	0
574.803	91	33	1
574.803	91	146	0
574.839	91	146	1
574.839	91	61	0
574.901	91	61	1
574.901	91	126	0
575.006	91	126	1
575.006	91	138	0
575.245	91	138	1
575.245	91	70	0
575.281	91	70	1
575.281	91	51	0
575.684	91	51	1
575.684	91	110	0
576.371	91	110	1
576.371	91	132	0
576.448	91	132	1
576.449	91	123	0
577.519	91	123	1
577.519	91	117	0
577.579	91	117	1
577.579	91	147	0
577.983	91	147	1
577.983	91	14	0
578.242	91	14	1
578.242	91	6	0
578.284	91	6	1
578.284	91	134	0
578.306	91	134	1
578.306	91	65	0
578.496	91	65	1
578.496	91	43	0
579.28	91	43	1
579.28	91	161	0
580.48	91	161	1
580.48	91	67	0
580.721	91	67	1
580.721	91	104	0
580.928	91	104	1
580.928	91	94	0
580.984	91	94	1
580.984	91	2	0
581.542	91	2	1
581.542	91	143	0
581.871	91	143	1
581.871	91	27	0
582.906	91	27	1
582.906	91	134	0
583.347	91	134	1
583.347	91	111	0
584.106	91	111	1
584.106	91	92	0
584.271	91	92	1
584.271	91	108	0
584.63	91	108	1
584.63	91	32	0
584.753	91	32	1
584.753	91	162	0
584.822	91	162	1
584.822	91	121	0
585.245	91	121	1
585.245	91	163	0
585.652	91	163	1
585.652	91	23	0
586.228	91	23	1
586.228	91	81	0
586.522	91	81	1
586.522	91	160	0
586.555	91	160	1
586.555	91	17	0
587.3	91	17	1
587.3	91	74	0
587.319	91	74	1
587.319	91	114	0
587.341	91	114	1
587.341	91	109	0
587.469	91	109	1
587.469	91	116	0
587.563	91	116	1
587.563	91	79	0
587.935	91	79	1
587.935	91	125	0
587.993	91	125	1
587.993	91	123	0
587.998	91	123	1
587.998	91	47	0
588.007	91	47	1
588.007	91	74	0
588.224	91	74	1
588.224	91	26	0
588.419	91	26	1
588.419	91	13	0
588.813	91	13	1
588.813	91	156	0
589.048	91	156	1
589.048	91	124	0
590.132	91	124	1
590.132	91	78	0
590.504	91	78	1
590.504	91	161	0
590.63	91	161	1
590.63	91	39	0
590.826	91	39	1
590.826	91	135	0
590.85	91	135	1
590.85	91	149	0
590.973	91	149	1
590