y= 1.5
n= 0
scale= 1e+09
conc= 2e-32
salt= -0.944
0	100	141	0
2.53024	100	141	1
2.53024	100	148	0
2.6466	100	148	1
2.6466	100	72	0
2.78621	100	72	1
2.78621	100	15	0
2.84515	100	15	1
2.84515	100	157	0
2.92531	100	157	1
2.92531	100	43	0
2.93416	100	43	1
2.93416	100	102	0
4.19233	100	102	1
4.19233	100	156	0
5.00007	100	156	1
5.00007	100	24	0
5.74411	100	24	1
5.74411	100	73	0
5.77873	100	73	1
5.77873	100	53	0
6.48822	100	53	1
6.48822	100	120	0
6.51209	100	120	1
6.51209	100	133	0
6.9469	100	133	1
6.9469	100	131	0
7.48604	100	131	1
7.48604	100	19	0
7.77087	100	19	1
7.77087	100	106	0
7.84937	100	106	1
7.84937	100	126	0
8.02519	100	126	1
8.02519	100	61	0
8.28808	100	61	1
8.28808	100	123	0
8.35902	100	123	1
8.35902	100	149	0
8.69568	100	149	1
8.69568	100	150	0
8.85693	100	150	1
8.85693	100	120	0
9.30958	100	120	1
9.30958	100	91	0
9.51297	100	91	1
9.51297	100	119	0
9.52322	100	119	1
9.52322	100	159	0
9.53437	100	159	1
9.53437	100	85	0
9.95086	100	85	1
9.95086	100	70	0
10.2221	100	70	1
10.2221	100	108	0
10.2727	100	108	1
10.2727	100	118	0
11.1111	100	118	1
11.1111	100	162	0
11.218	100	162	1
11.218	100	122	0
11.4839	100	122	1
11.4839	100	41	0
11.5046	100	41	1
11.5046	100	31	0
11.5277	100	31	1
11.5277	100	78	0
11.5934	100	78	1
11.5934	100	20	0
11.7879	100	20	1
11.7879	100	15	0
11.8866	100	15	1
11.8866	100	158	0
12.034	100	158	1
12.034	100	6	0
12.2606	100	6	1
12.2606	100	137	0
12.2809	100	137	1
12.2809	100	80	0
12.7341	100	80	1
12.7341	100	93	0
13.26	100	93	1
13.26	100	139	0
13.5648	100	139	1
13.5648	100	66	0
13.829	100	66	1
13.829	100	57	0
14.0433	100	57	1
14.0433	100	49	0
14.3577	100	49	1
14.3577	100	129	0
15.147	100	129	1
15.147	100	89	0
15.2909	100	89	1
15.2909	100	120	0
15.3594	100	120	1
15.3594	100	19	0
15.4728	100	19	1
15.4728	100	42	0
16.2615	100	42	1
16.2615	100	31	0
16.4056	100	31	1
16.4056	100	26	0
16.4446	100	26	1
16.4446	100	50	0
16.9781	100	50	1
16.9781	100	126	0
17.2344	100	126	1
17.2344	100	46	0
17.3234	100	46	1
17.3234	100	107	0
17.5229	100	107	1
17.5229	100	95	0
17.754	100	95	1
17.754	100	160	0
18.2535	100	160	1
18.2535	100	115	0
18.5683	100	115	1
18.5683	100	92	0
19.7049	100	92	1
19.7049	100	92	0
21.1893	100	92	1
21.1893	100	163	0
21.193	100	163	1
21.193	100	115	0
21.2648	100	115	1
21.2648	100	13	0
22.0857	100	13	1
22.0857	100	148	0
22.1112	100	148	1
22.1112	100	81	0
22.1117	100	81	1
22.1117	100	163	0
22.3624	100	163	1
22.3624	100	136	0
22.4333	100	136	1
22.4333	100	70	0
22.7654	100	70	1
22.7654	100	121	0
23.361	100	121	1
23.361	100	0	0
23.4133	100	0	1
23.4133	100	70	0
23.5716	100	70	1
23.5716	100	66	0
23.8826	100	66	1
23.8826	100	6	0
24.3625	100	6	1
24.3625	100	6	0
24.5268	100	6	1
24.5268	100	82	0
24.9105	100	82	1
24.9105	100	30	0
26.231	100	30	1
26.231	100	78	0
26.6715	100	78	1
26.6715	100	30	0
26.8278	100	30	1
26.8278	100	63	0
26.8647	100	63	1
26.8647	100	153	0
26.9161	100	153	1
26.9161	100	139	0
27.0309	100	139	1
27.0309	100	45	0
27.8189	100	45	1
27.8189	100	75	0
28.2885	100	75	1
28.2885	100	19	0
28.4937	100	19	1
28.4937	100	129	0
28.6481	100	129	1
28.6481	100	149	0
28.7207	100	149	1
28.7207	100	133	0
28.7301	100	133	1
28.7301	100	7	0
29.3979	100	7	1
29.3979	100	37	0
29.4192	100	37	1
29.4192	100	40	0
29.6968	100	40	1
29.6968	100	56	0
29.8148	100	56	1
29.8148	100	64	0
29.9581	100	64	1
29.9581	100	165	0
29.9992	100	165	1
29.9992	100	104	0
30.373	100	104	1
30.373	100	73	0
30.5267	100	73	1
30.5267	100	43	0
30.6249	100	43	1
30.6249	100	110	0
30.7519	100	110	1
30.7519	100	113	0
31.0297	100	113	1
31.0297	100	97	0
31.0539	100	97	1
31.0539	100	107	0
31.6035	100	107	1
31.6035	100	89	0
32.0857	100	89	1
32.0857	100	23	0
32.1902	100	23	1
32.1902	100	115	0
32.5758	100	115	1
32.5758	100	138	0
32.6264	100	138	1
32.6264	100	3	0
32.7793	100	3	1
32.7793	100	9	0
32.9908	100	9	1
32.9908	100	93	0
33.2567	100	93	1
33.2567	100	41	0
33.3357	100	41	1
33.3357	100	28	0
33.8099	100	28	1
33.8099	100	87	0
34.0398	100	87	1
34.0398	100	132	0
34.202	100	132	1
34.202	100	133	0
34.3748	100	133	1
34.3748	100	89	0
35.041	100	89	1
35.041	100	136	0
35.9876	100	136	1
35.9876	100	85	0
36.7695	100	85	1
36.7695	100	127	0
36.8659	100	127	1
36.8659	100	118	0
36.8899	100	118	1
36.8899	100	42	0
37.1164	100	42	1
37.1164	100	60	0
37.4215	100	60	1
37.4215	100	23	0
37.5976	100	23	1
37.5976	100	64	0
37.6555	100	64	1
37.6555	100	146	0
38.0427	100	146	1
38.0427	100	12	0
38.4144	100	12	1
38.4144	100	8	0
39.0179	100	8	1
39.0179	100	33	0
39.0979	100	33	1
39.0979	100	118	0
39.3917	100	118	1
39.3917	100	25	0
39.3946	100	25	1
39.3946	100	154	0
39.4705	100	154	1
39.4705	100	109	0
39.5062	100	109	1
39.5062	100	145	0
39.6063	100	145	1
39.6063	100	64	0
39.668	100	64	1
39.668	100	139	0
40.4037	100	139	1
40.4037	100	36	0
41.1047	100	36	1
41.1047	100	1	0
41.3639	100	1	1
41.3639	100	100	0
41.5372	100	100	1
41.5372	100	117	0
42.3882	100	117	1
42.3882	100	76	0
42.6076	100	76	1
42.6076	100	67	0
42.9281	100	67	1
42.9281	100	86	0
43.4522	100	86	1
43.4522	100	55	0
43.901	100	55	1
43.901	100	81	0
44.2415	100	81	1
44.2415	100	155	0
44.3292	100	155	1
44.3292	100	139	0
44.4254	100	139	1
44.4254	100	43	0
44.898	100	43	1
44.898	100	140	0
45.0278	100	140	1
45.0278	100	72	0
45.0564	100	72	1
45.0564	100	108	0
45.5976	100	108	1
45.5976	100	154	0
45.858	100	154	1
45.858	100	155	0
45.9937	100	155	1
45.9937	100	27	0
46.0602	100	27	1
46.0602	100	155	0
46.1183	100	155	1
46.1183	100	67	0
46.3325	100	67	1
46.3325	100	2	0
47.3103	100	2	1
47.3103	100	5	0
48.2142	100	5	1
48.2142	100	148	0
48.6412	100	148	1
48.6412	100	63	0
48.7005	100	63	1
48.7005	100	111	0
49.626	100	111	1
49.626	100	101	0
49.7532	100	101	1
49.7532	100	147	0
50.1791	100	147	1
50.1791	100	33	0
51.6502	100	33	1
51.6502	100	142	0
52.0419	100	142	1
52.0419	100	77	0
52.1854	100	77	1
52.1854	100	152	0
52.7091	100	152	1
52.7091	100	63	0
52.8827	100	63	1
52.8827	100	51	0
53.6918	100	51	1
53.6918	100	117	0
53.7561	100	117	1
53.7561	100	7	0
54.0714	100	7	1
54.0714	100	13	0
54.1934	100	13	1
54.1934	100	20	0
54.3901	100	20	1
54.3901	100	12	0
54.4207	100	12	1
54.4207	100	5	0
55.0699	100	5	1
55.0699	100	96	0
55.0853	100	96	1
55.0853	100	107	0
55.1778	100	107	1
55.1778	100	46	0
55.4398	100	46	1
55.4398	100	43	0
56.1644	100	43	1
56.1644	100	122	0
56.2224	100	122	1
56.2224	100	8	0
56.2815	100	8	1
56.2815	100	141	0
56.5369	100	141	1
56.5369	100	32	0
56.9944	100	32	1
56.9944	100	151	0
57.3158	100	151	1
57.3158	100	91	0
57.7933	100	91	1
57.7933	100	89	0
57.8234	100	89	1
57.8234	100	58	0
57.8475	100	58	1
57.8475	100	50	0
58.2566	100	50	1
58.2566	100	53	0
58.2765	100	53	1
58.2765	100	45	0
58.3426	100	45	1
58.3426	100	156	0
58.4602	100	156	1
58.4602	100	62	0
58.6398	100	62	1
58.6398	100	52	0
58.8403	100	52	1
58.8403	100	86	0
59.6093	100	86	1
59.6093	100	5	0
59.9864	100	5	1
59.9864	100	132	0
60.0041	99	132	1
60.0041	99	65	0
60.2948	99	65	1
60.2948	99	62	0
60.9657	99	62	1
60.9657	99	96	0
61.0749	99	96	1
61.0749	99	77	0
62.022	99	77	1
62.022	99	158	0
62.0505	99	158	1
62.0505	99	30	0
62.1916	99	30	1
62.1916	99	131	0
62.7505	99	131	1
62.7505	99	142	0
63.5581	99	142	1
63.5581	99	19	0
63.7759	99	19	1
63.7759	99	117	0
63.9732	99	117	1
63.9732	99	42	0
64.0026	99	42	1
64.0026	99	115	0
64.0727	99	115	1
64.0727	99	133	0
64.3373	99	133	1
64.3373	99	103	0
64.5873	99	103	1
64.5873	99	63	0
64.88	99	63	1
64.88	99	68	0
65.1275	99	68	1
65.1275	99	16	0
65.1925	99	16	1
65.1925	99	22	0
65.406	99	22	1
65.406	99	125	0
65.6162	99	125	1
65.6162	99	80	0
65.6405	99	80	1
65.6405	99	103	0
65.7997	99	103	1
65.7997	99	111	0
66.1856	99	111	1
66.1856	99	116	0
66.2164	99	116	1
66.2164	99	7	0
66.5133	99	7	1
66.5133	99	79	0
67.5399	99	79	1
67.5399	99	76	0
67.6582	99	76	1
67.6582	99	147	0
68.7062	99	147	1
68.7062	99	21	0
68.7067	99	21	1
68.7067	99	131	0
68.8134	99	131	1
68.8134	99	57	0
68.8695	99	57	1
68.8695	99	94	0
69.4091	99	94	1
69.4091	99	5	0
69.4294	99	5	1
69.4294	99	70	0
70.5653	99	70	1
70.5653	99	29	0
70.7232	99	29	1
70.7232	99	119	0
70.9035	99	119	1
70.9035	99	69	0
70.9843	99	69	1
70.9843	99	40	0
71.8959	99	40	1
71.8959	99	80	0
72.7212	99	80	1
72.7212	99	132	0
72.8761	99	132	1
72.8761	99	105	0
73.4433	99	105	1
73.4433	99	118	0
73.747	99	118	1
73.747	99	27	0
73.9509	99	27	1
73.9509	99	154	0
75.3961	99	154	1
75.3961	99	49	0
75.4972	99	49	1
75.4972	99	85	0
75.5069	99	85	1
75.5069	99	94	0
75.7797	99	94	1
75.7797	99	45	0
75.8031	99	45	1
75.8031	99	14	0
76.46